2 0002_0 94.96811 -74.50499 12.22540 0.03470 9571246 - 2016-05-03T16:52:54.74 0 0
2 0002_1 95.07138 -74.4882 10.80610 0.01920 9571247 9571246 2016-05-03T16:52:54.74 0 0
2 0002_2 95.05687 -74.5017 11.20640 0.02400 9571247 9571246 2016-05-03T16:52:54.74 0 0
2 0002_3 94.17169 -74.47095 7.32630 0.00460 9576543 - 2016-05-03T16:52:54.74 0 0
2 0002_4 89.98442 -74.41596 6.31740 0.00230 8458512 8458501 2016-05-03T16:52:54.74 0 0
2 0002_5 93.21784 -74.48721 9.99490 0.01720 9576568 9576557 2016-05-03T16:52:54.74 0 0
2 0002_6 94.73333 -74.48694 10.37470 0.01610 9576705 - 2016-05-03T16:52:54.74 0 0
2 0002_7 95.07961 -74.47451 11.61100 0.02880 9571247 9571246 2016-05-03T16:52:54.74 0 0
2 0002_8 94.67542 -74.47386 10.47430 0.01680 9576707 - 2016-05-03T16:52:54.74 0 0
2 0002_9 94.47113 -74.45919 9.56230 0.01220 9576712 - 2016-05-03T16:52:54.74 0 0
2 0002_10 94.59338 -74.46561 10.72580 0.01910 9576707 - 2016-05-03T16:52:54.74 0 0
2 0002_11 94.55969 -74.46367 10.16410 0.01480 9576707 - 2016-05-03T16:52:54.74 0 0
2 0002_12 93.28048 -74.46575 10.57960 0.01810 9576568 - 2016-05-03T16:52:54.74 0 0
2 0002_13 94.4034 -74.46163 11.15380 0.02330 9576712 - 2016-05-03T16:52:54.74 0 0
2 0002_14 94.51433 -74.46246 11.49680 0.02690 9576713 9576712 2016-05-03T16:52:54.74 0 0
2 0002_15 92.8272 -74.46719 10.99050 0.02170 9576644 - 2016-05-03T16:52:54.74 0 0
2 0002_16 93.88643 -74.4644 10.80220 0.01970 9576564 - 2016-05-03T16:52:54.74 0 0
2 0002_17 93.92098 -74.46485 11.38770 0.02540 9576564 - 2016-05-03T16:52:54.74 0 0
2 0002_18 93.34861 -74.46605 10.90690 0.02080 9576568 - 2016-05-03T16:52:54.74 0 0
2 0002_19 93.45357 -74.46635 11.44200 0.02600 9576563 9576562 2016-05-03T16:52:54.74 0 0
2 0002_20 93.58002 -74.46585 11.53500 0.02690 9576563 - 2016-05-03T16:52:54.74 0 0
2 0002_21 93.80087 -74.46438 11.47590 0.02630 9576564 - 2016-05-03T16:52:54.74 0 0
2 0002_22 93.09499 -74.46543 11.07350 0.02230 9576559 - 2016-05-03T16:52:54.74 0 0
2 0002_23 93.71554 -74.46332 10.51410 0.01770 9576563 - 2016-05-03T16:52:54.74 0 0
2 0002_24 93.13792 -74.46482 10.50910 0.01710 9576559 - 2016-05-03T16:52:54.74 0 0
2 0002_25 93.64898 -74.46448 11.09070 0.02260 9576563 - 2016-05-03T16:52:54.74 0 0
2 0002_26 93.02208 -74.46519 10.92190 0.02070 9576559 - 2016-05-03T16:52:54.74 0 0
2 0002_27 92.60031 -74.4654 11.24370 0.02380 9576643 - 2016-05-03T16:52:54.74 0 0
2 0002_28 92.86805 -74.46595 11.73810 0.03000 9576644 - 2016-05-03T16:52:54.74 0 0
2 0002_29 92.51851 -74.46442 11.47130 0.02670 9576643 - 2016-05-03T16:52:54.74 0 0
2 0002_30 91.74194 -74.46206 13.07580 0.11930 9576628 - 2016-05-03T16:52:54.74 0 0
2 0002_31 92.46567 -74.45768 10.15710 0.01770 9576643 - 2016-05-03T16:52:54.74 0 0
2 0002_32 91.65713 -74.45547 11.24790 0.02540 9576628 - 2016-05-03T16:52:54.74 0 0
2 0002_33 94.11534 -74.44727 9.93260 0.01520 9576543 - 2016-05-03T16:52:54.74 0 0
2 0002_34 91.56434 -74.45356 11.47530 0.02920 9576627 - 2016-05-03T16:52:54.74 0 0
2 0002_35 91.62314 -74.45367 10.83980 0.02220 9576630 9576627 2016-05-03T16:52:54.74 0 0
2 0002_36 91.53509 -74.45235 11.08080 0.02430 9576627 - 2016-05-03T16:52:54.74 0 0
2 0002_37 95.08455 -74.44154 10.17060 0.01490 9576709 - 2016-05-03T16:52:54.74 0 0
2 0002_38 94.79091 -74.44582 12.13140 0.05120 9576710 9576707 2016-05-03T16:52:54.74 0 0
2 0002_39 91.48526 -74.4516 11.80130 0.03360 9576627 - 2016-05-03T16:52:54.74 0 0
2 0002_40 92.30782 -74.45108 11.15090 0.03140 9576648 - 2016-05-03T16:52:54.74 0 0
2 0002_41 94.64191 -74.44144 10.86120 0.02870 9576713 - 2016-05-03T16:52:54.74 0 0
2 0002_42 90.53232 -74.42576 8.18770 0.00860 9576966 9576963 2016-05-03T16:52:54.74 0 0
2 0002_43 91.26771 -74.44709 11.72660 0.03360 9576632 - 2016-05-03T16:52:54.74 0 0
2 0002_44 94.0979 -74.44624 11.13140 0.03180 9576543 - 2016-05-03T16:52:54.74 0 0
2 0002_45 92.42378 -74.45162 12.98570 0.06550 9576649 - 2016-05-03T16:52:54.74 0 0
2 0002_46 92.54266 -74.45039 13.04660 0.06740 9576643 - 2016-05-03T16:52:54.74 0 0
2 0002_47 91.00974 -74.44085 10.84640 0.02350 9576623 - 2016-05-03T16:52:54.74 0 0
2 0002_48 94.33993 -74.44163 11.59370 0.04180 9576714 - 2016-05-03T16:52:54.74 0 0
2 0002_49 93.72704 -74.44311 13.55320 0.06640 9576566 9576563 2016-05-03T16:52:54.74 0 0
2 0002_50 95.03943 -74.42454 9.55930 0.01150 9576709 9576708 2016-05-03T16:52:54.74 0 0
2 0002_51 89.94742 -74.40969 8.98330 0.00680 8458512 8458501 2016-05-03T16:52:54.74 0 0
2 0002_52 89.97912 -74.41396 9.48800 0.00730 8458512 8458501 2016-05-03T16:52:54.74 0 0
2 0002_53 93.35718 -74.43498 13.31550 0.05600 9576568 - 2016-05-03T16:52:54.74 0 0
2 0002_54 90.51334 -74.41223 11.80090 0.04650 9576969 - 2016-05-03T16:52:54.74 0 0
2 0002_55 95.10012 -74.40565 11.18870 0.02390 9576711 - 2016-05-03T16:52:54.74 0 0
2 0002_56 90.91159 -74.39746 12.33390 0.03870 9576967 - 2016-05-03T16:52:54.74 0 0
2 0002_57 92.15902 -74.40659 13.06810 0.05290 9576672 - 2016-05-03T16:52:54.74 0 0
2 0002_58 92.14659 -74.39353 8.50900 0.00300 9576672 9576629 2016-05-03T16:52:54.74 0 0
2 0002_59 94.45936 -74.39649 12.75060 0.06970 9576714 - 2016-05-03T16:52:54.74 0 0
2 0002_60 91.53938 -74.39574 12.41070 0.04990 9576633 - 2016-05-03T16:52:54.74 0 0
2 0002_61 95.09703 -74.38745 10.75010 0.02010 9576711 - 2016-05-03T16:52:54.74 0 0
2 0002_62 90.84934 -74.39019 12.43330 0.06300 9576967 - 2016-05-03T16:52:54.74 0 0
2 0002_63 91.88939 -74.38882 12.14310 0.04800 9576631 - 2016-05-03T16:52:54.74 0 0
2 0002_64 94.61009 -74.38126 12.40460 0.03450 9576715 - 2016-05-03T16:52:54.74 0 0
2 0002_65 91.25553 -74.37517 10.51460 0.01320 9576976 - 2016-05-03T16:52:54.74 0 0
2 0002_66 90.32102 -74.37251 12.48860 0.06330 9576971 - 2016-05-03T16:52:54.74 0 0
2 0002_67 95.05206 -74.37195 11.17870 0.03370 9576711 - 2016-05-03T16:52:54.74 0 0
2 0002_68 91.58284 -74.37674 12.39580 0.06270 9576633 - 2016-05-03T16:52:54.74 0 0
2 0002_69 91.33693 -74.36998 13.22230 0.05660 9576635 9576634 2016-05-03T16:52:54.74 0 0
2 0002_70 89.95316 -74.34681 10.94810 0.02140 8458513 - 2016-05-03T16:52:54.74 0 0
2 0002_71 93.16161 -74.35881 12.28780 0.05740 9576647 - 2016-05-03T16:52:54.74 0 0
2 0002_72 89.93253 -74.33604 12.12390 0.05640 8458513 - 2016-05-03T16:52:54.74 0 0
2 0002_73 92.59901 -74.35034 13.13220 0.05540 9576651 - 2016-05-03T16:52:54.74 0 0
2 0002_74 93.80261 -74.34522 13.48220 0.06150 9576574 - 2016-05-03T16:52:54.74 0 0
2 0002_75 94.1764 -74.33577 10.69490 0.02330 9576567 - 2016-05-03T16:52:54.74 0 0
2 0002_76 91.71675 -74.33883 11.77330 0.04700 9576638 - 2016-05-03T16:52:54.74 0 0
2 0002_77 90.11871 -74.32523 12.61060 0.04080 9576994 - 2016-05-03T16:52:54.74 0 0
2 0002_78 92.79846 -74.34046 12.03560 0.05320 9576654 - 2016-05-03T16:52:54.74 0 0
2 0002_79 91.13493 -74.32259 11.19270 0.03150 9576978 - 2016-05-03T16:52:54.74 0 0
2 0002_80 90.30668 -74.31209 11.46260 0.03400 9576995 - 2016-05-03T16:52:54.74 0 0
2 0002_81 91.6769 -74.32396 13.39730 0.06020 9576638 - 2016-05-03T16:52:54.74 0 0
2 0002_82 90.91299 -74.3175 12.16050 0.05390 9576973 - 2016-05-03T16:52:54.74 0 0
2 0002_83 95.10744 -74.31536 11.70200 0.02940 9576717 - 2016-05-03T16:52:54.74 0 0
2 0002_84 90.0356 -74.29974 10.96620 0.01980 9577000 - 2016-05-03T16:52:54.74 0 0
2 0002_85 95.01828 -74.30775 12.14920 0.05370 9576719 9576718 2016-05-03T16:52:54.74 0 0
2 0002_86 91.52169 -74.30897 11.45650 0.03390 9576977 - 2016-05-03T16:52:54.74 0 0
2 0002_87 94.86256 -74.30384 11.77430 0.03060 9576718 - 2016-05-03T16:52:54.74 0 0
2 0002_88 92.57805 -74.31313 12.80550 0.04620 9576673 - 2016-05-03T16:52:54.74 0 0
2 0002_89 90.69227 -74.29894 12.02990 0.05250 9576974 - 2016-05-03T16:52:54.74 0 0
2 0002_90 95.10322 -74.29577 11.39090 0.02580 9576719 - 2016-05-03T16:52:54.74 0 0
2 0002_91 92.39653 -74.30573 11.99450 0.05200 9576675 9576674 2016-05-03T16:52:54.74 0 0
2 0002_92 95.10747 -74.44459 99.00000 99.00000 9576709 - 2016-05-03T16:52:54.74 0 0
2 0002_93 95.20423 -74.45533 99.00000 99.00000 9571247 - 2016-05-03T16:52:54.74 0 0
2 0002_94 95.20191 -74.22979 7.61830 0.00540 9576741 - 2016-05-03T16:52:54.74 0 0
2 0002_95 95.20058 -74.49944 99.00000 99.00000 9571245 - 2016-05-03T16:52:54.74 0 0
2 0002_96 93.41996 -74.29706 9.97500 0.00930 9576659 9576658 2016-05-03T16:52:54.74 0 0
2 0002_97 93.23919 -74.30328 13.39420 0.06080 9576664 - 2016-05-03T16:52:54.74 0 0
2 0002_98 91.12482 -74.27375 10.04880 0.00980 9576984 - 2016-05-03T16:52:54.74 0 0
2 0002_99 95.09929 -74.26769 11.14240 0.02290 9576719 - 2016-05-03T16:52:54.74 0 0
2 0002_100 93.52163 -74.27031 9.60550 0.00690 9576659 - 2016-05-03T16:52:54.74 0 0
2 0002_101 92.88362 -74.27869 13.55890 0.06580 9576676 - 2016-05-03T16:52:54.74 0 0
2 0002_102 93.50176 -74.27148 13.16790 0.05560 9576659 - 2016-05-03T16:52:54.74 0 0
2 0002_103 94.90918 -74.25038 12.29990 0.03020 9576740 - 2016-05-03T16:52:54.74 0 0
2 0002_104 95.22192 -74.14976 8.67540 0.00790 9576754 9576743 2016-05-03T16:52:54.74 0 0
2 0002_105 93.58324 -74.25345 12.63260 0.04190 9576659 - 2016-05-03T16:52:54.74 0 0
2 0002_106 90.17378 -74.2355 13.01630 0.05320 9577002 - 2016-05-03T16:52:54.74 0 0
2 0002_107 95.09643 -74.23835 11.17060 0.02320 9576741 - 2016-05-03T16:52:54.74 0 0
2 0002_108 92.8592 -74.23844 10.38610 0.01310 9576676 - 2016-05-03T16:52:54.74 0 0
2 0002_109 91.78992 -74.23561 10.97100 0.02090 9576982 - 2016-05-03T16:52:54.74 0 0
2 0002_110 93.96659 -74.23708 12.13570 0.05640 9576661 - 2016-05-03T16:52:54.74 0 0
2 0002_111 94.7374 -74.22634 11.67310 0.01950 9576748 9576745 2016-05-03T16:52:54.74 0 0
2 0002_112 91.92287 -74.22686 10.26010 0.01250 9576981 - 2016-05-03T16:52:54.74 0 0
2 0002_113 91.01059 -74.20629 8.75960 0.00270 9576997 - 2016-05-03T16:52:54.74 0 0
2 0002_114 90.96053 -74.20507 10.81930 0.01140 9576997 - 2016-05-03T16:52:54.74 0 0
2 0002_115 90.99817 -74.20598 12.58540 0.04910 9576997 - 2016-05-03T16:52:54.74 0 0
2 0002_116 90.94417 -74.20467 9.09120 0.00290 9576999 - 2016-05-03T16:52:54.74 0 0
2 0002_117 90.94768 -74.20489 10.50330 0.00620 9576999 - 2016-05-03T16:52:54.74 0 0
2 0002_118 90.98258 -74.20532 11.43810 0.01460 9576997 - 2016-05-03T16:52:54.74 0 0
2 0002_119 90.91562 -74.20399 99.00000 99.00000 9576999 - 2016-05-03T16:52:54.74 0 0
2 0002_120 90.96567 -74.20514 10.01790 0.00450 9576997 - 2016-05-03T16:52:54.74 0 0
2 0002_121 90.9482 -74.20476 10.77720 0.00790 9576999 - 2016-05-03T16:52:54.74 0 0
2 0002_122 90.92912 -74.20427 10.30740 0.00660 9576999 - 2016-05-03T16:52:54.74 0 0
2 0002_123 90.86907 -74.20283 9.72910 0.00510 9576999 - 2016-05-03T16:52:54.74 0 0
2 0002_124 90.90942 -74.20382 10.91500 0.00960 9576999 - 2016-05-03T16:52:54.74 0 0
2 0002_125 90.84859 -74.20219 10.96200 0.01110 9576999 - 2016-05-03T16:52:54.74 0 0
2 0002_126 90.8557 -74.20246 9.72190 0.00430 9576999 - 2016-05-03T16:52:54.74 0 0
2 0002_127 90.89233 -74.20337 10.80930 0.01060 9576999 - 2016-05-03T16:52:54.74 0 0
2 0002_128 90.89731 -74.20347 10.23850 0.00680 9576999 - 2016-05-03T16:52:54.74 0 0
2 0002_129 90.83303 -74.2019 9.06000 0.00290 9576999 - 2016-05-03T16:52:54.74 0 0
2 0002_130 90.81209 -74.20138 9.27410 0.00390 9576999 9576998 2016-05-03T16:52:54.74 0 0
2 0002_131 95.19308 -74.18485 9.26420 0.00820 9576743 - 2016-05-03T16:52:54.74 0 0
2 0002_132 90.7993 -74.20106 9.16270 0.00350 9576999 9576998 2016-05-03T16:52:54.74 0 0
2 0002_133 90.83833 -74.20207 12.07970 0.02310 9576999 - 2016-05-03T16:52:54.74 0 0
2 0002_134 94.09037 -74.20628 11.66770 0.04040 9576661 - 2016-05-03T16:52:54.74 0 0
2 0002_135 90.77518 -74.20043 8.65560 0.00250 9576998 - 2016-05-03T16:52:54.74 0 0
2 0002_136 90.82452 -74.20169 9.23650 0.00340 9576999 - 2016-05-03T16:52:54.74 0 0
2 0002_137 90.76194 -74.20013 99.00000 99.00000 9576998 - 2016-05-03T16:52:54.74 0 0
2 0002_138 90.73949 -74.19949 9.71300 0.00440 9576998 - 2016-05-03T16:52:54.74 0 0
2 0002_139 90.72277 -74.19908 10.26790 0.00620 9577004 - 2016-05-03T16:52:54.74 0 0
2 0002_140 90.7326 -74.19939 10.10500 0.00600 9576998 - 2016-05-03T16:52:54.74 0 0
2 0002_141 90.71495 -74.19904 9.68850 0.00430 9577004 - 2016-05-03T16:52:54.74 0 0
2 0002_142 90.67069 -74.1977 10.24090 0.00730 9577004 - 2016-05-03T16:52:54.74 0 0
2 0002_143 90.70001 -74.19852 10.46060 0.00820 9577004 - 2016-05-03T16:52:54.74 0 0
2 0002_144 90.66076 -74.19752 10.78370 0.01130 9577004 - 2016-05-03T16:52:54.74 0 0
2 0002_145 90.78951 -74.2008 10.10480 0.00450 9576999 9576998 2016-05-03T16:52:54.74 0 0
2 0002_146 90.68243 -74.19805 10.88220 0.00850 9577004 - 2016-05-03T16:52:54.74 0 0
2 0002_147 90.63546 -74.19688 11.04330 0.01440 9577004 - 2016-05-03T16:52:54.74 0 0
2 0002_148 90.62738 -74.19661 9.79390 0.00490 9577004 - 2016-05-03T16:52:54.74 0 0
2 0002_149 90.64551 -74.19722 11.33230 0.01730 9577004 - 2016-05-03T16:52:54.74 0 0
2 0002_150 90.60474 -74.19605 10.00400 0.00720 9577004 - 2016-05-03T16:52:54.74 0 0
2 0002_151 90.58253 -74.19549 99.00000 99.00000 9577004 - 2016-05-03T16:52:54.74 0 0
2 0002_152 90.56989 -74.19523 11.86080 0.02170 9577004 - 2016-05-03T16:52:54.74 0 0
2 0002_153 90.6038 -74.19565 99.00000 99.00000 9577004 - 2016-05-03T16:52:54.74 0 0
2 0002_154 90.54647 -74.19448 11.57720 0.01910 9577004 9577001 2016-05-03T16:52:54.74 0 0
2 0002_155 90.59753 -74.19585 10.57320 0.00820 9577004 - 2016-05-03T16:52:54.74 0 0
2 0002_156 90.59128 -74.19571 99.00000 99.00000 9577004 - 2016-05-03T16:52:54.74 0 0
2 0002_157 90.56035 -74.19491 10.07260 0.00600 9577004 - 2016-05-03T16:52:54.74 0 0
2 0002_158 90.52044 -74.19385 9.64810 0.00440 9577001 - 2016-05-03T16:52:54.74 0 0
2 0002_159 90.49284 -74.19312 9.52410 0.00400 9577003 - 2016-05-03T16:52:54.74 0 0
2 0002_160 90.5774 -74.19534 10.38170 0.00600 9577004 - 2016-05-03T16:52:54.74 0 0
2 0002_161 90.48448 -74.19294 10.82200 0.00930 9577003 - 2016-05-03T16:52:54.74 0 0
2 0002_162 90.50479 -74.19344 99.00000 99.00000 9577001 - 2016-05-03T16:52:54.74 0 0
2 0002_163 90.4709 -74.19252 9.09110 0.00350 9577003 - 2016-05-03T16:52:54.74 0 0
2 0002_164 90.46096 -74.19227 9.81460 0.00520 9577003 - 2016-05-03T16:52:54.74 0 0
2 0002_165 90.44562 -74.19186 9.39370 0.00370 9577003 - 2016-05-03T16:52:54.74 0 0
2 0002_166 90.54074 -74.19434 99.00000 99.00000 9577004 9577001 2016-05-03T16:52:54.74 0 0
2 0002_167 90.42828 -74.19138 9.47450 0.00520 9577003 - 2016-05-03T16:52:54.74 0 0
2 0002_168 90.40617 -74.19073 13.35910 0.10880 9577003 - 2016-05-03T16:52:54.74 0 0
2 0002_169 90.41238 -74.19103 10.44150 0.00750 9577003 - 2016-05-03T16:52:54.74 0 0
2 0002_170 90.43981 -74.19168 10.39120 0.00670 9577003 - 2016-05-03T16:52:54.74 0 0
2 0002_171 90.38684 -74.19024 10.71860 0.01130 9577003 - 2016-05-03T16:52:54.74 0 0
2 0002_172 90.61109 -74.19624 9.48380 0.00330 9577004 - 2016-05-03T16:52:54.74 0 0
2 0002_173 90.41724 -74.19111 10.59100 0.00690 9577003 - 2016-05-03T16:52:54.74 0 0
2 0002_174 90.37149 -74.18985 9.90300 0.00480 9577003 - 2016-05-03T16:52:54.74 0 0
2 0002_175 90.39189 -74.19033 10.57850 0.00790 9577003 - 2016-05-03T16:52:54.74 0 0
2 0002_176 90.37474 -74.19012 12.22810 0.02930 9577003 - 2016-05-03T16:52:54.74 0 0
2 0002_177 90.33433 -74.18882 9.37180 0.00340 9577003 - 2016-05-03T16:52:54.74 0 0
2 0002_178 90.36347 -74.18965 10.05190 0.00570 9577003 - 2016-05-03T16:52:54.74 0 0
2 0002_179 90.32719 -74.18865 9.51840 0.00410 9577003 - 2016-05-03T16:52:54.74 0 0
2 0002_180 90.31886 -74.18837 9.88200 0.00570 9577003 - 2016-05-03T16:52:54.74 0 0
2 0002_181 90.30054 -74.18791 9.00650 0.00340 9577003 - 2016-05-03T16:52:54.74 0 0
2 0002_182 90.3472 -74.1892 11.08370 0.01500 9577003 - 2016-05-03T16:52:54.74 0 0
2 0002_183 90.29054 -74.18764 10.50700 0.00810 9577003 9577002 2016-05-03T16:52:54.74 0 0
2 0002_184 90.26848 -74.18707 99.00000 99.00000 9577089 9577088 2016-05-03T16:52:54.74 0 0
2 0002_185 90.25316 -74.1866 9.15820 0.00320 9577088 - 2016-05-03T16:52:54.74 0 0
2 0002_186 90.27802 -74.18728 99.00000 99.00000 9577003 9577002 2016-05-03T16:52:54.74 0 0
2 0002_187 90.23267 -74.186 10.10780 0.00700 9577088 - 2016-05-03T16:52:54.74 0 0
2 0002_188 90.26223 -74.18683 10.49740 0.00790 9577089 9577088 2016-05-03T16:52:54.74 0 0
2 0002_189 90.22027 -74.18576 99.00000 99.00000 9577088 - 2016-05-03T16:52:54.74 0 0
2 0002_190 90.20281 -74.18521 9.80890 0.00560 9577088 - 2016-05-03T16:52:54.74 0 0
2 0002_191 90.1954 -74.185 9.06560 0.00300 9577088 - 2016-05-03T16:52:54.74 0 0
2 0002_192 90.18687 -74.1848 99.00000 99.00000 9577088 - 2016-05-03T16:52:54.74 0 0
2 0002_193 90.17868 -74.18444 11.83570 0.02250 9577088 - 2016-05-03T16:52:54.74 0 0
2 0002_194 90.15794 -74.18392 8.97900 0.00340 9577088 - 2016-05-03T16:52:54.74 0 0
2 0002_195 90.13413 -74.18327 9.12170 0.00400 9577088 - 2016-05-03T16:52:54.74 0 0
2 0002_196 90.17158 -74.18433 10.10530 0.00570 9577088 - 2016-05-03T16:52:54.74 0 0
2 0002_197 90.11323 -74.18269 10.42480 0.00780 9577088 - 2016-05-03T16:52:54.74 0 0
2 0002_198 90.09797 -74.18223 9.54280 0.00450 9577088 - 2016-05-03T16:52:54.74 0 0
2 0002_199 90.09251 -74.18207 8.99670 0.00270 9577088 - 2016-05-03T16:52:54.74 0 0
2 0002_200 90.07434 -74.18151 9.55640 0.00420 9577088 - 2016-05-03T16:52:54.74 0 0
2 0002_201 90.08275 -74.18178 9.09620 0.00320 9577088 - 2016-05-03T16:52:54.74 0 0
2 0002_202 90.06432 -74.18126 9.03190 0.00320 9577088 - 2016-05-03T16:52:54.74 0 0
2 0002_203 90.04003 -74.18056 9.63890 0.00450 9577090 - 2016-05-03T16:52:54.74 0 0
2 0002_204 89.99652 -74.17935 99.00000 99.00000 8458561 - 2016-05-03T16:52:54.74 0 0
2 0002_205 90.01005 -74.17973 9.02900 0.00320 9577090 8458561 2016-05-03T16:52:54.74 0 0
2 0002_206 90.05279 -74.18091 11.38100 0.01770 9577088 - 2016-05-03T16:52:54.74 0 0
2 0002_207 90.1219 -74.18289 10.04830 0.00490 9577088 - 2016-05-03T16:52:54.74 0 0
2 0002_208 90.03219 -74.18037 10.67420 0.00710 9577090 8458561 2016-05-03T16:52:54.74 0 0
2 0002_209 94.23845 -74.19535 12.47720 0.05530 9576832 - 2016-05-03T16:52:54.74 0 0
2 0002_210 91.79172 -74.1954 13.44270 0.06350 9576982 - 2016-05-03T16:52:54.74 0 0
2 0002_211 92.20445 -74.19173 11.24550 0.02800 9577024 - 2016-05-03T16:52:54.74 0 0
2 0002_212 92.8377 -74.19699 13.27780 0.05690 9576678 - 2016-05-03T16:52:54.74 0 0
2 0002_213 93.21859 -74.18604 10.60390 0.01690 9576688 - 2016-05-03T16:52:54.74 0 0
2 0002_214 93.24885 -74.18658 13.01770 0.05100 9576688 - 2016-05-03T16:52:54.74 0 0
2 0002_215 90.49235 -74.17432 13.64820 0.06470 9577003 - 2016-05-03T16:52:54.74 0 0
2 0002_216 90.04936 -74.16249 12.95820 0.06090 9577090 - 2016-05-03T16:52:54.74 0 0
2 0002_217 91.36533 -74.16383 12.15080 0.05220 9577009 - 2016-05-03T16:52:54.74 0 0
2 0002_218 90.41964 -74.13316 7.09730 0.00120 9577089 - 2016-05-03T16:52:54.74 0 0
2 0002_219 92.37818 -74.16044 12.96070 0.05930 9577025 - 2016-05-03T16:52:54.74 0 0
2 0002_220 92.48896 -74.1519 12.16040 0.05330 9577025 - 2016-05-03T16:52:54.74 0 0
2 0002_221 94.16393 -74.14091 11.45650 0.03440 9576840 9576669 2016-05-03T16:52:54.74 0 0
2 0002_222 93.07953 -74.14364 11.33100 0.02990 9576685 - 2016-05-03T16:52:54.74 0 0
2 0002_223 91.43923 -74.14234 12.27360 0.05690 9577009 - 2016-05-03T16:52:54.74 0 0
2 0002_224 91.1705 -74.12894 10.79440 0.02020 9577010 - 2016-05-03T16:52:54.74 0 0
2 0002_225 93.46744 -74.12458 11.15210 0.02140 9576691 - 2016-05-03T16:52:54.74 0 0
2 0002_226 90.98099 -74.11671 11.10130 0.02640 9577005 - 2016-05-03T16:52:54.74 0 0
2 0002_227 92.98321 -74.12316 11.98720 0.03290 9576685 - 2016-05-03T16:52:54.74 0 0
2 0002_228 90.80319 -74.09865 13.00230 0.05160 9577007 9577006 2016-05-03T16:52:54.74 0 0
2 0002_229 95.06897 -74.08365 11.27200 0.02420 9576751 - 2016-05-03T16:52:54.74 0 0
2 0002_230 93.3022 -74.08924 10.84700 0.02140 9576696 - 2016-05-03T16:52:54.74 0 0
2 0002_231 90.03203 -74.06908 12.04870 0.03290 9577098 8458565 2016-05-03T16:52:54.74 0 0
2 0002_232 90.28736 -74.0707 11.97720 0.02470 9577097 9577096 2016-05-03T16:52:54.74 0 0
2 0002_233 91.83087 -74.07749 13.32360 0.05790 9577013 9577012 2016-05-03T16:52:54.74 0 0
2 0002_234 92.00168 -74.0728 11.07710 0.02780 9576991 - 2016-05-03T16:52:54.74 0 0
2 0002_235 90.44219 -74.06496 13.82320 0.06850 9577091 - 2016-05-03T16:52:54.74 0 0
2 0002_236 90.20776 -74.06099 12.88890 0.03810 9577096 - 2016-05-03T16:52:54.74 0 0
2 0002_237 92.84346 -74.07229 11.20370 0.01550 9577028 - 2016-05-03T16:52:54.74 0 0
2 0002_238 95.07188 -74.05949 11.97730 0.03500 9576837 - 2016-05-03T16:52:54.74 0 0
2 0002_239 92.58189 -74.06739 11.91120 0.05000 9577027 - 2016-05-03T16:52:54.74 0 0
2 0002_240 90.24032 -74.04659 10.80960 0.01610 9577098 - 2016-05-03T16:52:54.74 0 0
2 0002_241 95.12127 -74.0415 10.24140 0.01560 9576837 - 2016-05-03T16:52:54.74 0 0
2 0002_242 95.09201 -74.05369 10.92530 0.02080 9576837 - 2016-05-03T16:52:54.74 0 0
2 0002_243 90.3697 -74.0386 11.57160 0.04280 9577097 - 2016-05-03T16:52:54.74 0 0
2 0002_244 91.65342 -74.05117 13.24780 0.05790 9577014 - 2016-05-03T16:52:54.74 0 0
2 0002_245 94.13352 -74.04144 11.56310 0.03710 9576693 - 2016-05-03T16:52:54.74 0 0
2 0002_246 90.82292 -74.03827 13.51990 0.06450 9577095 - 2016-05-03T16:52:54.74 0 0
2 0002_247 90.95034 -74.03595 12.40020 0.06100 9577093 - 2016-05-03T16:52:54.74 0 0
2 0002_248 90.22415 -74.01504 9.68000 0.00700 9577098 - 2016-05-03T16:52:54.74 0 0
2 0002_249 94.52336 -74.02664 10.99940 0.02370 9576841 - 2016-05-03T16:52:54.74 0 0
2 0002_250 91.81666 -74.03281 13.28800 0.05870 9577015 9577014 2016-05-03T16:52:54.74 0 0
2 0002_251 95.21143 -74.0162 10.27690 0.01560 9576848 - 2016-05-03T16:52:54.74 0 0
2 0002_252 92.33629 -74.0234 10.77570 0.01930 9577035 9577034 2016-05-03T16:52:54.74 0 0
2 0002_253 93.82726 -74.02009 10.97350 0.02380 9576694 - 2016-05-03T16:52:54.74 0 0
2 0002_254 92.6109 -74.02222 11.72680 0.03970 9577036 9577033 2016-05-03T16:52:54.74 0 0
2 0002_255 94.36238 -73.99546 12.19870 0.05640 9576864 - 2016-05-03T16:52:54.74 0 0
2 0002_256 90.57006 -73.98938 13.25470 0.06070 9577102 - 2016-05-03T16:52:54.74 0 0
2 0002_257 91.35032 -73.9943 12.15400 0.05540 9577019 - 2016-05-03T16:52:54.74 0 0
2 0002_258 91.47663 -73.98133 8.77710 0.00360 9577019 - 2016-05-03T16:52:54.74 0 0
2 0002_259 94.30263 -73.98294 9.96080 0.00960 9576864 - 2016-05-03T16:52:54.74 0 0
2 0002_260 93.13041 -73.98925 11.91950 0.05040 9577042 - 2016-05-03T16:52:54.74 0 0
2 0002_261 92.25865 -73.98145 9.85050 0.00840 9577056 - 2016-05-03T16:52:54.74 0 0
2 0002_262 92.37358 -73.98688 12.54970 0.05940 9577057 - 2016-05-03T16:52:54.74 0 0
2 0002_263 91.86262 -73.97792 11.67180 0.04180 9577021 - 2016-05-03T16:52:54.74 0 0
2 0002_264 93.22067 -73.97315 9.62840 0.00710 9577042 - 2016-05-03T16:52:54.74 0 0
2 0002_265 93.01302 -73.97636 13.62550 0.07090 9577031 - 2016-05-03T16:52:54.74 0 0
2 0002_266 93.97809 -73.97328 13.66460 0.06800 9576701 - 2016-05-03T16:52:54.74 0 0
2 0002_267 92.25516 -73.96331 10.15580 0.01120 9577058 - 2016-05-03T16:52:54.74 0 0
2 0002_268 91.45106 -73.95568 11.06600 0.02640 9577105 - 2016-05-03T16:52:54.74 0 0
2 0002_269 90.44855 -73.9477 11.89210 0.04750 9577121 - 2016-05-03T16:52:54.74 0 0
2 0002_270 95.04057 -73.94517 10.12950 0.00980 9576845 - 2016-05-03T16:52:54.74 0 0
2 0002_271 92.61445 -73.94995 12.29500 0.05930 9577038 - 2016-05-03T16:52:54.74 0 0
2 0002_272 94.94619 -73.91972 11.66670 0.03810 9576847 - 2016-05-03T16:52:54.74 0 0
2 0002_273 93.05141 -73.9303 12.33170 0.06000 9577037 - 2016-05-03T16:52:54.74 0 0
2 0002_274 90.10339 -73.91359 11.07590 0.02330 9577128 - 2016-05-03T16:52:54.74 0 0
2 0002_275 90.17844 -73.90048 11.72570 0.03010 9577128 - 2016-05-03T16:52:54.74 0 0
2 0002_276 91.93844 -73.90925 13.18320 0.05860 9577023 - 2016-05-03T16:52:54.74 0 0
2 0002_277 94.67811 -73.89583 11.02530 0.02260 9576870 - 2016-05-03T16:52:54.74 0 0
2 0002_278 94.98255 -73.89361 11.64070 0.03800 9576847 - 2016-05-03T16:52:54.74 0 0
2 0002_279 91.17096 -73.89822 12.19290 0.05430 9577112 - 2016-05-03T16:52:54.74 0 0
2 0002_280 94.45417 -73.89646 13.73120 0.07670 9576867 - 2016-05-03T16:52:54.74 0 0
2 0002_281 93.33432 -73.89458 11.42990 0.02850 9577049 9577048 2016-05-03T16:52:54.74 0 0
2 0002_282 90.6918 -73.88133 10.32660 0.01350 9577124 - 2016-05-03T16:52:54.74 0 0
2 0002_283 94.99903 -73.87034 11.03250 0.02070 9576869 - 2016-05-03T16:52:54.74 0 0
2 0002_284 92.3118 -73.87244 11.19930 0.02460 9577065 9577064 2016-05-03T16:52:54.74 0 0
2 0002_285 94.85587 -73.85279 13.21240 0.05900 9576871 9576870 2016-05-03T16:52:54.74 0 0
2 0002_286 93.33072 -73.85123 12.97940 0.04890 9577051 9577050 2016-05-03T16:52:54.74 0 0
2 0002_287 91.93687 -73.83956 9.66090 0.00730 9577109 - 2016-05-03T16:52:54.74 0 0
2 0002_288 93.80777 -73.83687 9.56020 0.00680 9577046 - 2016-05-03T16:52:54.74 0 0
2 0002_289 94.84052 -73.83472 12.26610 0.04310 9576870 - 2016-05-03T16:52:54.74 0 0
2 0002_290 91.60234 -73.83232 11.49840 0.01760 9577116 - 2016-05-03T16:52:54.74 0 0
2 0002_291 93.89726 -73.83161 12.34760 0.05840 9577047 - 2016-05-03T16:52:54.74 0 0
2 0002_292 95.04467 -73.80684 9.06240 0.00430 9576871 - 2016-05-03T16:52:54.74 0 0
2 0002_293 93.09776 -73.82711 13.68110 0.06550 9577072 - 2016-05-03T16:52:54.74 0 0
2 0002_294 94.07608 -73.81329 10.28510 0.01160 9577047 - 2016-05-03T16:52:54.74 0 0
2 0002_295 90.28494 -73.80548 10.92270 0.02090 9578497 9578496 2016-05-03T16:52:54.74 0 0
2 0002_296 90.29206 -73.80172 11.84000 0.03230 9578497 - 2016-05-03T16:52:54.74 0 0
2 0002_297 90.91587 -73.79867 9.73450 0.00780 9577127 - 2016-05-03T16:52:54.74 0 0
2 0002_298 93.46955 -73.80848 11.65510 0.03820 9577051 - 2016-05-03T16:52:54.74 0 0
2 0002_299 94.31744 -73.80546 12.42070 0.03630 9577216 - 2016-05-03T16:52:54.74 0 0
2 0002_300 94.71033 -73.79367 9.35820 0.00570 9576878 - 2016-05-03T16:52:54.74 0 0
2 0002_301 93.73557 -73.80456 11.47650 0.03260 9577052 - 2016-05-03T16:52:54.74 0 0
2 0002_302 93.3433 -73.80339 11.77770 0.04140 9577073 - 2016-05-03T16:52:54.74 0 0
2 0002_303 90.55766 -73.78536 11.98700 0.03370 9577134 - 2016-05-03T16:52:54.74 0 0
2 0002_304 92.42192 -73.79257 10.95110 0.02400 9577153 - 2016-05-03T16:52:54.74 0 0
2 0002_305 92.64145 -73.78759 10.83110 0.02350 9577070 - 2016-05-03T16:52:54.74 0 0
2 0002_306 94.37087 -73.78822 13.48210 0.05190 9577217 - 2016-05-03T16:52:54.74 0 0
2 0002_307 94.37697 -73.78475 13.37600 0.06060 9577217 - 2016-05-03T16:52:54.74 0 0
2 0002_308 92.66749 -73.78225 12.28270 0.03130 9577070 - 2016-05-03T16:52:54.74 0 0
2 0002_309 90.29621 -73.76269 11.30750 0.02660 9578499 - 2016-05-03T16:52:54.74 0 0
2 0002_310 91.89165 -73.77593 12.36010 0.06410 9577117 - 2016-05-03T16:52:54.74 0 0
2 0002_311 94.97332 -73.75987 12.10730 0.05360 9576877 - 2016-05-03T16:52:54.74 0 0
2 0002_312 90.29639 -73.74185 9.64250 0.01200 9578499 - 2016-05-03T16:52:54.74 0 0
2 0002_313 94.0142 -73.75507 12.07280 0.02670 9577053 - 2016-05-03T16:52:54.74 0 0
2 0002_314 91.22199 -73.73826 11.34950 0.03100 9577138 - 2016-05-03T16:52:54.74 0 0
2 0002_315 94.18346 -73.73636 11.15590 0.02740 9577224 - 2016-05-03T16:52:54.74 0 0
2 0002_316 90.90139 -73.73 12.38640 0.05740 9577135 - 2016-05-03T16:52:54.74 0 0
2 0002_317 94.449 -73.72254 10.25450 0.01240 9577219 - 2016-05-03T16:52:54.74 0 0
2 0002_318 92.36126 -73.73511 13.63400 0.07040 9577155 - 2016-05-03T16:52:54.74 0 0
2 0002_319 93.93184 -73.73045 12.99740 0.05050 9577055 - 2016-05-03T16:52:54.74 0 0
2 0002_320 92.06745 -73.7245 13.77020 0.06540 9577160 - 2016-05-03T16:52:54.74 0 0
2 0002_321 91.4328 -73.71141 11.01000 0.02800 9577139 - 2016-05-03T16:52:54.74 0 0
2 0002_322 92.05349 -73.71951 13.30830 0.05850 9577162 9577119 2016-05-03T16:52:54.74 0 0
2 0002_323 92.42866 -73.71813 12.74560 0.04350 9577155 - 2016-05-03T16:52:54.74 0 0
2 0002_324 94.47582 -73.71116 12.72280 0.04290 9577219 - 2016-05-03T16:52:54.74 0 0
2 0002_325 91.44477 -73.70098 9.44450 0.00650 9577139 - 2016-05-03T16:52:54.74 0 0
2 0002_326 90.79989 -73.6879 11.59660 0.04180 9578501 - 2016-05-03T16:52:54.74 0 0
2 0002_327 94.17501 -73.69055 13.23300 0.05830 9577226 - 2016-05-03T16:52:54.74 0 0
2 0002_328 90.30774 -73.67454 11.00010 0.02180 9578505 - 2016-05-03T16:52:54.74 0 0
2 0002_329 95.19817 -73.67684 11.95260 0.04880 9576890 - 2016-05-03T16:52:54.74 0 0
2 0002_330 94.18727 -73.68066 13.35210 0.06290 9577226 - 2016-05-03T16:52:54.74 0 0
2 0002_331 91.76736 -73.67781 11.64970 0.04040 9577142 - 2016-05-03T16:52:54.74 0 0
2 0002_332 90.30908 -73.66519 11.18380 0.02360 9578507 - 2016-05-03T16:52:54.74 0 0
2 0002_333 93.88091 -73.67093 13.22490 0.05550 9577077 - 2016-05-03T16:52:54.74 0 0
2 0002_334 90.30778 -73.65593 11.64780 0.02890 9578507 - 2016-05-03T16:52:54.74 0 0
2 0002_335 93.87434 -73.66668 12.04570 0.02620 9577077 - 2016-05-03T16:52:54.74 0 0
2 0002_336 94.71579 -73.65936 11.85560 0.04820 9577222 - 2016-05-03T16:52:54.74 0 0
2 0002_337 93.89478 -73.66513 13.07290 0.05360 9577077 - 2016-05-03T16:52:54.74 0 0
2 0002_338 92.7932 -73.65448 11.75730 0.04290 9577159 9577158 2016-05-03T16:52:54.74 0 0
2 0002_339 95.26421 -73.54027 10.31710 0.02370 9577241 9577240 2016-05-03T16:52:54.74 0 0
2 0002_340 90.45282 -73.63765 10.64080 0.00870 9578507 - 2016-05-03T16:52:54.74 0 0
2 0002_341 90.68792 -73.63862 12.34440 0.05230 9578508 - 2016-05-03T16:52:54.74 0 0
2 0002_342 95.05477 -73.63763 13.20360 0.05680 9577232 9577221 2016-05-03T16:52:54.74 0 0
2 0002_343 91.58382 -73.63879 10.79390 0.01780 9577148 - 2016-05-03T16:52:54.74 0 0
2 0002_344 93.67454 -73.62656 6.87740 0.00100 9577084 - 2016-05-03T16:52:54.74 0 0
2 0002_345 92.77517 -73.64641 13.15380 0.05760 9577159 9577158 2016-05-03T16:52:54.74 0 0
2 0002_346 94.54242 -73.63405 11.51980 0.02950 9577228 9577225 2016-05-03T16:52:54.74 0 0
2 0002_347 95.25844 -73.61553 12.52910 0.06560 9577232 - 2016-05-03T16:52:54.74 0 0
2 0002_348 90.27158 -73.64171 99.00000 99.00000 9578507 9578506 2016-05-03T16:52:54.74 0 0
2 0002_349 90.50209 -73.53371 8.11380 0.00750 9578534 9578531 2016-05-03T16:52:54.74 0 0
2 0002_350 90.16092 -73.72756 99.00000 99.00000 9578504 - 2016-05-03T16:52:54.74 0 0
2 0002_351 94.05594 -73.61473 10.79330 0.01780 9577250 9577079 2016-05-03T16:52:54.74 0 0
2 0002_352 91.71155 -73.61299 10.80100 0.01990 9577148 - 2016-05-03T16:52:54.74 0 0
2 0002_353 92.85817 -73.61365 12.33280 0.05980 9577165 - 2016-05-03T16:52:54.74 0 0
2 0002_354 93.37047 -73.61292 12.39880 0.05880 9577169 - 2016-05-03T16:52:54.74 0 0
2 0002_355 92.2979 -73.59799 7.64430 0.00160 9577185 - 2016-05-03T16:52:54.74 0 0
2 0002_356 92.8076 -73.59897 8.71760 0.00350 9577165 - 2016-05-03T16:52:54.74 0 0
2 0002_357 91.50492 -73.59782 12.36900 0.05990 9577147 - 2016-05-03T16:52:54.74 0 0
2 0002_358 92.39724 -73.60074 13.07920 0.05240 9577185 - 2016-05-03T16:52:54.74 0 0
2 0002_359 95.2616 -73.49393 11.35150 0.10000 9577243 9577242 2016-05-03T16:52:54.74 0 0
2 0002_360 91.45986 -73.58838 11.48050 0.03490 9578513 - 2016-05-03T16:52:54.74 0 0
2 0002_361 92.2914 -73.59026 10.90410 0.02740 9577185 9577184 2016-05-03T16:52:54.74 0 0
2 0002_362 93.01913 -73.59356 12.09940 0.05370 9577170 9577159 2016-05-03T16:52:54.74 0 0
2 0002_363 95.25864 -73.5785 12.11590 0.05720 9577234 - 2016-05-03T16:52:54.74 0 0
2 0002_364 93.03686 -73.58687 12.31480 0.03220 9577170 9577159 2016-05-03T16:52:54.74 0 0
2 0002_365 94.85565 -73.5735 11.48470 0.03770 9577229 - 2016-05-03T16:52:54.74 0 0
2 0002_366 90.3213 -73.55971 10.20300 0.01540 9578531 - 2016-05-03T16:52:54.74 0 0
2 0002_367 90.32254 -73.55227 11.20410 0.02410 9578531 - 2016-05-03T16:52:54.74 0 0
2 0002_368 93.58319 -73.55196 9.91750 0.00850 9577172 - 2016-05-03T16:52:54.74 0 0
2 0002_369 91.86542 -73.55082 12.67180 0.04580 9577151 - 2016-05-03T16:52:54.74 0 0
2 0002_370 95.23752 -73.52934 8.84800 0.00820 9577240 - 2016-05-03T16:52:54.74 0 0
2 0002_371 95.1382 -73.53845 12.44780 0.05770 9577240 - 2016-05-03T16:52:54.74 0 0
2 0002_372 94.83082 -73.53873 12.39420 0.05560 9577231 - 2016-05-03T16:52:54.74 0 0
2 0002_373 95.23699 -73.52165 9.19470 0.01010 9577240 - 2016-05-03T16:52:54.74 0 0
2 0002_374 94.80941 -73.52244 12.36210 0.03420 9577253 - 2016-05-03T16:52:54.74 0 0
2 0002_375 90.32961 -73.51185 11.18680 0.02360 9578537 - 2016-05-03T16:52:54.74 0 0
2 0002_376 90.49921 -73.5065 12.11150 0.03550 9578531 - 2016-05-03T16:52:54.74 0 0
2 0002_377 93.10543 -73.51874 11.97500 0.04930 9577178 - 2016-05-03T16:52:54.74 0 0
2 0002_378 92.23901 -73.5099 10.86400 0.01950 9577192 - 2016-05-03T16:52:54.74 0 0
2 0002_379 91.18718 -73.50678 13.48270 0.06150 9578522 - 2016-05-03T16:52:54.74 0 0
2 0002_380 95.26964 -73.41477 99.00000 99.00000 9577265 - 2016-05-03T16:52:54.74 0 0
2 0002_381 90.33183 -73.49344 10.84920 0.02040 9578537 - 2016-05-03T16:52:54.74 0 0
2 0002_382 95.26998 -73.43845 99.00000 99.00000 9577265 - 2016-05-03T16:52:54.74 0 0
2 0002_383 94.40186 -73.48974 11.34610 0.03120 9577257 - 2016-05-03T16:52:54.74 0 0
2 0002_384 91.62127 -73.49162 11.75430 0.04110 9578518 - 2016-05-03T16:52:54.74 0 0
2 0002_385 93.68738 -73.48753 10.79580 0.01920 9577174 - 2016-05-03T16:52:54.74 0 0
2 0002_386 94.04113 -73.4833 9.95670 0.01050 9577344 - 2016-05-03T16:52:54.74 0 0
2 0002_387 90.40403 -73.4749 11.38900 0.03630 9578537 - 2016-05-03T16:52:54.74 0 0
2 0002_388 94.29835 -73.48182 11.24910 0.02940 9577259 - 2016-05-03T16:52:54.74 0 0
2 0002_389 92.37842 -73.47895 10.51780 0.01410 9577193 - 2016-05-03T16:52:54.74 0 0
2 0002_390 94.87358 -73.4668 12.39050 0.05920 9577255 - 2016-05-03T16:52:54.74 0 0
2 0002_391 93.8002 -73.45278 8.01590 0.00210 9577175 - 2016-05-03T16:52:54.74 0 0
2 0002_392 94.44389 -73.45533 12.14470 0.05520 9577259 - 2016-05-03T16:52:54.74 0 0
2 0002_393 91.10645 -73.44341 13.63590 0.05810 9578544 - 2016-05-03T16:52:54.74 0 0
2 0002_394 90.34351 -73.42835 11.12800 0.02290 9578625 - 2016-05-03T16:52:54.74 0 0
2 0002_395 94.02594 -73.43448 11.00370 0.02260 9577346 - 2016-05-03T16:52:54.74 0 0
2 0002_396 94.26047 -73.4254 9.84920 0.00830 9577345 9577344 2016-05-03T16:52:54.74 0 0
2 0002_397 92.87387 -73.43696 12.32610 0.05540 9577191 - 2016-05-03T16:52:54.74 0 0
2 0002_398 94.47241 -73.42445 10.65510 0.01620 9577259 - 2016-05-03T16:52:54.74 0 0
2 0002_399 93.83926 -73.41606 9.65750 0.00740 9577181 - 2016-05-03T16:52:54.74 0 0
2 0002_400 91.29215 -73.41512 11.86580 0.04690 9578545 - 2016-05-03T16:52:54.74 0 0
2 0002_401 92.77445 -73.42042 11.86560 0.02300 9577197 - 2016-05-03T16:52:54.74 0 0
2 0002_402 90.60268 -73.26677 99.00000 99.00000 9578636 - 2016-05-03T16:52:54.74 0 0
2 0002_403 90.30507 -73.32444 99.00000 99.00000 9578633 - 2016-05-03T16:52:54.74 0 0
2 0002_404 94.35007 -73.40813 13.48060 0.06490 9577345 - 2016-05-03T16:52:54.74 0 0
2 0002_405 91.86448 -73.4017 10.77410 0.02200 9578525 - 2016-05-03T16:52:54.74 0 0
2 0002_406 94.06542 -73.39749 11.32130 0.03290 9577346 - 2016-05-03T16:52:54.74 0 0
2 0002_407 94.92543 -73.38227 10.35240 0.01210 9577261 - 2016-05-03T16:52:54.74 0 0
2 0002_408 94.71437 -73.36094 6.55790 0.00090 9577263 9577262 2016-05-03T16:52:54.74 0 0
2 0002_409 92.21105 -73.3797 12.30240 0.06070 9578562 - 2016-05-03T16:52:54.74 0 0
2 0002_410 92.56853 -73.37981 12.22760 0.03610 9578564 - 2016-05-03T16:52:54.74 0 0
2 0002_411 91.86203 -73.35802 10.63670 0.01910 9578527 - 2016-05-03T16:52:54.74 0 0
2 0002_412 90.49092 -73.3526 13.46710 0.06570 9578627 - 2016-05-03T16:52:54.74 0 0
2 0002_413 91.1395 -73.34734 9.57390 0.00650 9578552 - 2016-05-03T16:52:54.74 0 0
2 0002_414 90.32064 -73.31586 9.47170 0.01380 9578633 - 2016-05-03T16:52:54.74 0 0
2 0002_415 95.22721 -73.33904 11.34190 0.02520 9577273 9577272 2016-05-03T16:52:54.74 0 0
2 0002_416 91.94976 -73.34377 13.28050 0.05570 9578527 - 2016-05-03T16:52:54.74 0 0
2 0002_417 94.00993 -73.33423 11.18210 0.01310 9577354 - 2016-05-03T16:52:54.74 0 0
2 0002_418 92.29285 -73.33636 12.22500 0.05740 9578569 - 2016-05-03T16:52:54.74 0 0
2 0002_419 91.91799 -73.33396 13.38050 0.06090 9578527 - 2016-05-03T16:52:54.74 0 0
2 0002_420 94.45371 -73.3265 12.07460 0.04990 9577347 - 2016-05-03T16:52:54.74 0 0
2 0002_421 91.53375 -73.32762 13.00540 0.05180 9578550 - 2016-05-03T16:52:54.74 0 0
2 0002_422 93.85971 -73.32008 12.60210 0.06380 9577205 - 2016-05-03T16:52:54.74 0 0
2 0002_423 90.37202 -73.30528 10.63970 0.01890 9578633 - 2016-05-03T16:52:54.74 0 0
2 0002_424 93.5388 -73.313 11.55330 0.03840 9577206 - 2016-05-03T16:52:54.74 0 0
2 0002_425 90.67071 -73.30449 13.27570 0.06000 9578630 - 2016-05-03T16:52:54.74 0 0
2 0002_426 95.22231 -73.30209 11.38570 0.02600 9577275 - 2016-05-03T16:52:54.74 0 0
2 0002_427 94.61727 -73.30269 11.72910 0.04220 9577350 - 2016-05-03T16:52:54.74 0 0
2 0002_428 93.5997 -73.30648 12.53870 0.06530 9577206 - 2016-05-03T16:52:54.74 0 0
2 0002_429 95.22155 -73.28218 11.67590 0.02990 9577275 - 2016-05-03T16:52:54.74 0 0
2 0002_430 95.21899 -73.26601 10.86270 0.02030 9577275 - 2016-05-03T16:52:54.74 0 0
2 0002_431 94.9571 -73.27508 13.55060 0.06250 9577360 9577349 2016-05-03T16:52:54.74 0 0
2 0002_432 92.54561 -73.27646 11.41920 0.03030 9578572 - 2016-05-03T16:52:54.74 0 0
2 0002_433 94.55489 -73.26435 11.65010 0.03170 9577356 - 2016-05-03T16:52:54.74 0 0
2 0002_434 92.21563 -73.26765 12.09640 0.04590 9578570 - 2016-05-03T16:52:54.74 0 0
2 0002_435 90.90763 -73.26081 13.20950 0.05290 9578631 - 2016-05-03T16:52:54.74 0 0
2 0002_436 93.53684 -73.26819 13.28340 0.05910 9577212 - 2016-05-03T16:52:54.74 0 0
2 0002_437 93.29054 -73.25995 11.76760 0.04010 9577211 - 2016-05-03T16:52:54.74 0 0
2 0002_438 90.61037 -73.25047 12.60990 0.06330 9578636 - 2016-05-03T16:52:54.74 0 0
2 0002_439 93.938 -73.25247 10.42320 0.01290 9577207 - 2016-05-03T16:52:54.74 0 0
2 0002_440 95.2148 -73.23694 11.43140 0.02620 9577361 - 2016-05-03T16:52:54.74 0 0
2 0002_441 91.71521 -73.24554 12.53950 0.05120 9578556 - 2016-05-03T16:52:54.74 0 0
2 0002_442 93.45191 -73.24191 10.50620 0.01450 9577214 9577211 2016-05-03T16:52:54.74 0 0
2 0002_443 92.25967 -73.24655 12.24630 0.05630 9578593 - 2016-05-03T16:52:54.74 0 0
2 0002_444 92.76116 -73.24385 11.84610 0.02270 9578573 - 2016-05-03T16:52:54.74 0 0
2 0002_445 91.99199 -73.24253 13.54800 0.06430 9578594 9578551 2016-05-03T16:52:54.74 0 0
2 0002_446 93.94809 -73.23615 12.42900 0.05870 9577378 9577207 2016-05-03T16:52:54.74 0 0
2 0002_447 90.34966 -73.19381 10.33690 0.02810 9578659 - 2016-05-03T16:52:54.74 0 0
2 0002_448 91.99125 -73.23104 10.86450 0.02060 9578594 9578551 2016-05-03T16:52:54.74 0 0
2 0002_449 90.48745 -73.21975 12.60530 0.04990 9578657 - 2016-05-03T16:52:54.74 0 0
2 0002_450 90.64145 -73.2185 11.61720 0.02750 9578638 - 2016-05-03T16:52:54.74 0 0
2 0002_451 93.67986 -73.22663 10.53670 0.01550 9577212 - 2016-05-03T16:52:54.74 0 0
2 0002_452 91.40298 -73.22209 10.36050 0.01290 9578641 - 2016-05-03T16:52:54.74 0 0
2 0002_453 90.36912 -73.13754 10.33790 0.03690 9578665 - 2016-05-03T16:52:54.74 0 0
2 0002_454 93.97579 -73.2165 7.89480 0.00190 9577378 - 2016-05-03T16:52:54.74 0 0
2 0002_455 94.81008 -73.21665 11.59910 0.04120 9577357 - 2016-05-03T16:52:54.74 0 0
2 0002_456 95.20879 -73.2107 10.56520 0.01800 9577361 - 2016-05-03T16:52:54.74 0 0
2 0002_457 94.40815 -73.20889 9.39080 0.00570 9577377 - 2016-05-03T16:52:54.74 0 0
2 0002_458 91.33334 -73.2111 11.32500 0.02880 9578641 - 2016-05-03T16:52:54.74 0 0
2 0002_459 90.37547 -73.17131 9.83500 0.01690 9578659 - 2016-05-03T16:52:54.74 0 0
2 0002_460 91.3423 -73.19392 11.68160 0.04150 9578643 - 2016-05-03T16:52:54.74 0 0
2 0002_461 94.07697 -73.17822 11.58340 0.03470 9577384 - 2016-05-03T16:52:54.74 0 0
2 0002_462 94.03204 -73.17628 13.63880 0.06190 9577384 - 2016-05-03T16:52:54.74 0 0
2 0002_463 92.65354 -73.1726 12.50280 0.05740 9578596 - 2016-05-03T16:52:54.74 0 0
2 0002_464 93.71362 -73.16654 11.76610 0.04410 9577215 - 2016-05-03T16:52:54.74 0 0
2 0002_465 90.52183 -73.15395 13.33580 0.05330 9578662 - 2016-05-03T16:52:54.74 0 0
2 0002_466 94.37697 -73.153 11.50790 0.03430 9577379 - 2016-05-03T16:52:54.74 0 0
2 0002_467 91.91609 -73.1546 13.00250 0.04940 9578559 - 2016-05-03T16:52:54.74 0 0
2 0002_468 94.92218 -73.14133 11.06080 0.01870 9577370 9577359 2016-05-03T16:52:54.74 0 0
2 0002_469 92.34465 -73.14403 12.43180 0.05980 9578601 - 2016-05-03T16:52:54.74 0 0
2 0002_470 91.33528 -73.12928 11.96990 0.05010 9578649 - 2016-05-03T16:52:54.74 0 0
2 0002_471 94.38674 -73.12276 10.35530 0.01290 9577385 - 2016-05-03T16:52:54.74 0 0
2 0002_472 94.83028 -73.12271 11.72740 0.04410 9577381 - 2016-05-03T16:52:54.74 0 0
2 0002_473 93.41792 -73.12994 11.51680 0.03580 9578579 - 2016-05-03T16:52:54.74 0 0
2 0002_474 93.17383 -73.12805 12.00560 0.05160 9578584 - 2016-05-03T16:52:54.74 0 0
2 0002_475 95.19675 -73.11435 11.23360 0.02400 9577371 - 2016-05-03T16:52:54.74 0 0
2 0002_476 93.00301 -73.12521 12.23260 0.03040 9578586 - 2016-05-03T16:52:54.74 0 0
2 0002_477 92.50032 -73.11849 13.18160 0.05630 9578598 - 2016-05-03T16:52:54.74 0 0
2 0002_478 90.43665 -73.09506 9.49240 0.00880 9578665 - 2016-05-03T16:52:54.74 0 0
2 0002_479 93.16484 -73.10797 9.76240 0.00820 9578586 - 2016-05-03T16:52:54.74 0 0
2 0002_480 92.25497 -73.10531 10.86840 0.01870 9578603 - 2016-05-03T16:52:54.74 0 0
2 0002_481 94.90137 -73.08721 8.15630 0.00230 9577392 9577381 2016-05-03T16:52:54.74 0 0
2 0002_482 92.20581 -73.10643 13.55680 0.06570 9578603 9578602 2016-05-03T16:52:54.74 0 0
2 0002_483 94.14091 -73.09243 11.05240 0.02270 9577386 - 2016-05-03T16:52:54.74 0 0
2 0002_484 92.42226 -73.0972 12.55720 0.04260 9578601 - 2016-05-03T16:52:54.74 0 0
2 0002_485 92.64342 -73.09588 12.16290 0.02920 9578598 - 2016-05-03T16:52:54.74 0 0
2 0002_486 95.18864 -73.07602 10.92240 0.02060 9577371 - 2016-05-03T16:52:54.74 0 0
2 0002_487 90.39724 -73.0732 11.54370 0.04500 9578667 - 2016-05-03T16:52:54.74 0 0
2 0002_488 95.18583 -73.11021 99.00000 99.00000 9577371 - 2016-05-03T16:52:54.74 0 0
2 0002_489 95.21844 -73.08445 99.00000 99.00000 9577371 - 2016-05-03T16:52:54.74 0 0
2 0002_490 95.25238 -73.40396 99.00000 99.00000 9577265 - 2016-05-03T16:52:54.74 0 0
2 0002_491 95.27666 -73.35236 99.00000 99.00000 9577267 - 2016-05-03T16:52:54.74 0 0
2 0002_492 95.25566 -73.12938 99.00000 99.00000 9577369 - 2016-05-03T16:52:54.74 0 0
2 0002_493 95.28257 -73.21223 99.00000 99.00000 9577361 - 2016-05-03T16:52:54.74 0 0
2 0002_494 90.91762 -73.07101 10.05810 0.01050 9578663 - 2016-05-03T16:52:54.74 0 0
2 0002_495 94.18118 -73.06702 13.33240 0.05830 9578753 - 2016-05-03T16:52:54.74 0 0
2 0002_496 94.19272 -73.04901 9.45120 0.00590 9578753 - 2016-05-03T16:52:54.74 0 0
2 0002_497 92.22939 -73.05989 12.20920 0.05510 9578689 - 2016-05-03T16:52:54.74 0 0
2 0002_498 93.34651 -73.05666 12.45510 0.05950 9578587 - 2016-05-03T16:52:54.74 0 0
2 0002_499 92.95154 -73.04835 10.91890 0.01980 9578610 9578599 2016-05-03T16:52:54.74 0 0
2 0002_500 92.55054 -73.04941 12.90500 0.04850 9578606 - 2016-05-03T16:52:54.74 0 0
2 0002_501 92.94367 -73.04739 12.90680 0.04980 9578610 9578599 2016-05-03T16:52:54.74 0 0
2 0002_502 93.91152 -73.03287 9.11830 0.00450 9578754 9578583 2016-05-03T16:52:54.74 0 0
2 0002_503 90.45723 -73.02477 13.32990 0.07380 9579009 - 2016-05-03T16:52:54.74 0 0
2 0002_504 91.6358 -73.02263 10.33330 0.01220 9578654 - 2016-05-03T16:52:54.74 0 0
2 0002_505 92.6772 -73.01308 7.83990 0.00190 9578607 9578606 2016-05-03T16:52:54.74 0 0
2 0002_506 95.02496 -73.00451 10.03200 0.00870 9577394 - 2016-05-03T16:52:54.74 0 0
2 0002_507 91.43129 -73.01311 12.06600 0.05080 9578673 - 2016-05-03T16:52:54.74 0 0
2 0002_508 93.35956 -73.01003 10.85720 0.02230 9578609 - 2016-05-03T16:52:54.74 0 0
2 0002_509 90.42615 -72.98293 10.05930 0.01090 9579011 - 2016-05-03T16:52:54.74 0 0
2 0002_510 93.39036 -73.00517 12.02560 0.05180 9578609 - 2016-05-03T16:52:54.74 0 0
2 0002_511 94.29836 -72.99233 9.68670 0.00730 9578755 - 2016-05-03T16:52:54.74 0 0
2 0002_512 93.97097 -73.00103 13.31810 0.05760 9578760 - 2016-05-03T16:52:54.74 0 0
2 0002_513 94.68541 -72.993 11.79160 0.04590 9577391 - 2016-05-03T16:52:54.74 0 0
2 0002_514 93.92386 -72.99522 12.29980 0.05740 9578760 - 2016-05-03T16:52:54.74 0 0
2 0002_515 92.04587 -72.9777 10.54880 0.01690 9578696 - 2016-05-03T16:52:54.74 0 0
2 0002_516 95.17559 -72.96895 11.08220 0.02200 9577401 - 2016-05-03T16:52:54.74 0 0
2 0002_517 93.16365 -72.97052 9.88060 0.00860 9578617 9578616 2016-05-03T16:52:54.74 0 0
2 0002_518 92.93602 -72.97599 13.08130 0.05350 9578618 9578607 2016-05-03T16:52:54.74 0 0
2 0002_519 93.27007 -72.9761 13.35320 0.05940 9578611 - 2016-05-03T16:52:54.74 0 0
2 0002_520 94.57451 -72.9651 11.40410 0.01780 9578756 - 2016-05-03T16:52:54.74 0 0
2 0002_521 95.17395 -72.9593 11.52710 0.02770 9577401 - 2016-05-03T16:52:54.74 0 0
2 0002_522 93.50534 -72.96541 12.74230 0.06300 9578614 - 2016-05-03T16:52:54.74 0 0
2 0002_523 91.78448 -72.95367 12.32230 0.05520 9578677 - 2016-05-03T16:52:54.74 0 0
2 0002_524 90.61066 -72.94218 12.61420 0.06610 9579014 - 2016-05-03T16:52:54.74 0 0
2 0002_525 92.11701 -72.94946 12.10070 0.05260 9578698 - 2016-05-03T16:52:54.74 0 0
2 0002_526 92.41745 -72.94998 12.32670 0.05890 9578691 - 2016-05-03T16:52:54.74 0 0
2 0002_527 94.32225 -72.93931 11.45190 0.03240 9578761 - 2016-05-03T16:52:54.74 0 0
2 0002_528 95.16966 -72.93309 11.37300 0.02600 9577401 - 2016-05-03T16:52:54.74 0 0
2 0002_529 90.96732 -72.91897 9.74760 0.00820 9579024 9579013 2016-05-03T16:52:54.74 0 0
2 0002_530 91.73896 -72.9252 12.30350 0.03210 9578679 - 2016-05-03T16:52:54.74 0 0
2 0002_531 94.97483 -72.90607 12.91700 0.07510 9578768 - 2016-05-03T16:52:54.74 0 0
2 0002_532 92.5091 -72.90328 9.82250 0.00810 9578700 - 2016-05-03T16:52:54.74 0 0
2 0002_533 94.56956 -72.8935 12.83410 0.04670 9578764 - 2016-05-03T16:52:54.74 0 0
2 0002_534 94.36074 -72.88102 12.11920 0.02850 9578766 9578763 2016-05-03T16:52:54.74 0 0
2 0002_535 94.25004 -72.87514 10.05560 0.00970 9578763 - 2016-05-03T16:52:54.74 0 0
2 0002_536 91.60435 -72.8783 12.48640 0.06370 9578684 - 2016-05-03T16:52:54.74 0 0
2 0002_537 94.93354 -72.85144 10.38480 0.01130 9578770 - 2016-05-03T16:52:54.74 0 0
2 0002_538 90.64616 -72.85641 13.42780 0.06350 9579022 - 2016-05-03T16:52:54.74 0 0
2 0002_539 92.22036 -72.85758 11.40360 0.03100 9578721 - 2016-05-03T16:52:54.74 0 0
2 0002_540 92.14027 -72.86056 13.45410 0.05640 9578720 - 2016-05-03T16:52:54.74 0 0
2 0002_541 91.23518 -72.8531 12.19500 0.05620 9579025 - 2016-05-03T16:52:54.74 0 0
2 0002_542 95.17699 -72.84644 11.28260 0.02430 9578769 - 2016-05-03T16:52:54.74 0 0
2 0002_543 91.98046 -72.84578 13.69500 0.06120 9578722 - 2016-05-03T16:52:54.74 0 0
2 0002_544 93.48048 -72.83306 10.88370 0.01920 9578622 - 2016-05-03T16:52:54.74 0 0
2 0002_545 93.74976 -72.82458 9.92480 0.00890 9578621 - 2016-05-03T16:52:54.74 0 0
2 0002_546 91.17569 -72.82195 11.49070 0.03060 9579026 - 2016-05-03T16:52:54.74 0 0
2 0002_547 92.44377 -72.82472 11.61830 0.03660 9578724 - 2016-05-03T16:52:54.74 0 0
2 0002_548 95.26706 -72.80573 11.44830 0.02610 9578771 - 2016-05-03T16:52:54.74 0 0
2 0002_549 93.08828 -72.8077 8.95210 0.00410 9578712 - 2016-05-03T16:52:54.74 0 0
2 0002_550 94.01606 -72.79688 10.43080 0.01370 9578792 - 2016-05-03T16:52:54.74 0 0
2 0002_551 92.59545 -72.79239 10.91630 0.02120 9578724 - 2016-05-03T16:52:54.74 0 0
2 0002_552 93.49858 -72.79027 13.06850 0.05190 9578708 - 2016-05-03T16:52:54.74 0 0
2 0002_553 92.23565 -72.77543 9.18780 0.00480 9578729 - 2016-05-03T16:52:54.74 0 0
2 0002_554 94.75575 -72.77703 13.43330 0.05970 9578767 - 2016-05-03T16:52:54.74 0 0
2 0002_555 90.88152 -72.76446 9.60480 0.00690 9579045 - 2016-05-03T16:52:54.74 0 0
2 0002_556 94.99983 -72.75181 7.44740 0.00140 9578778 - 2016-05-03T16:52:54.74 0 0
2 0002_557 95.07961 -72.75075 11.54190 0.03560 9578777 - 2016-05-03T16:52:54.74 0 0
2 0002_558 90.96297 -72.75073 13.15990 0.05680 9579056 9579045 2016-05-03T16:52:54.74 0 0
2 0002_559 91.16602 -72.74476 9.87700 0.00850 9579034 - 2016-05-03T16:52:54.74 0 0
2 0002_560 92.75582 -72.75261 11.05660 0.02100 9578725 - 2016-05-03T16:52:54.74 0 0
2 0002_561 92.72792 -72.75126 11.82760 0.04360 9578725 - 2016-05-03T16:52:54.74 0 0
2 0002_562 91.94421 -72.74385 11.84790 0.04450 9579072 - 2016-05-03T16:52:54.74 0 0
2 0002_563 90.91445 -72.73524 12.18600 0.02980 9579045 - 2016-05-03T16:52:54.74 0 0
2 0002_564 91.60113 -72.71904 9.70010 0.00740 9579036 - 2016-05-03T16:52:54.74 0 0
2 0002_565 95.27152 -72.70804 10.45170 0.01870 9578780 9578777 2016-05-03T16:52:54.74 0 0
2 0002_566 93.56235 -72.71104 10.98550 0.02140 9578716 - 2016-05-03T16:52:54.74 0 0
2 0002_567 93.82992 -72.71227 12.31200 0.03330 9578880 9578709 2016-05-03T16:52:54.74 0 0
2 0002_568 94.3661 -72.69743 8.77950 0.00350 9578796 - 2016-05-03T16:52:54.74 0 0
2 0002_569 93.46367 -72.70594 10.34110 0.01180 9578716 - 2016-05-03T16:52:54.74 0 0
2 0002_570 95.23091 -72.69646 13.00870 0.05190 9578779 - 2016-05-03T16:52:54.74 0 0
2 0002_571 93.47106 -72.69556 11.90630 0.04420 9578716 - 2016-05-03T16:52:54.74 0 0
2 0002_572 90.66952 -72.67393 10.59790 0.01870 9579052 - 2016-05-03T16:52:54.74 0 0
2 0002_573 94.24439 -72.66185 9.44670 0.00590 9578881 - 2016-05-03T16:52:54.74 0 0
2 0002_574 90.68051 -72.66145 10.50480 0.01710 9579054 - 2016-05-03T16:52:54.74 0 0
2 0002_575 95.02995 -72.65816 11.55530 0.01820 9578803 - 2016-05-03T16:52:54.74 0 0
2 0002_576 91.48619 -72.64818 7.64180 0.00160 9579060 - 2016-05-03T16:52:54.74 0 0
2 0002_577 91.55015 -72.66287 13.63200 0.06710 9579038 - 2016-05-03T16:52:54.74 0 0
2 0002_578 91.88451 -72.65029 11.13240 0.02910 9579037 - 2016-05-03T16:52:54.74 0 0
2 0002_579 92.15791 -72.64843 11.24800 0.02580 9579075 9579074 2016-05-03T16:52:54.74 0 0
2 0002_580 91.30267 -72.64436 11.71300 0.04080 9579057 - 2016-05-03T16:52:54.74 0 0
2 0002_581 92.22626 -72.65124 12.50090 0.06180 9579073 - 2016-05-03T16:52:54.74 0 0
2 0002_582 94.50199 -72.64042 12.46360 0.06100 9578798 - 2016-05-03T16:52:54.74 0 0
2 0002_583 95.18272 -72.62949 11.08740 0.01900 9578801 - 2016-05-03T16:52:54.74 0 0
2 0002_584 94.93591 -72.63263 11.26290 0.02980 9578802 - 2016-05-03T16:52:54.74 0 0
2 0002_585 95.05681 -72.63335 13.36010 0.05900 9578803 - 2016-05-03T16:52:54.74 0 0
2 0002_586 92.22376 -72.63886 11.55690 0.02660 9579075 - 2016-05-03T16:52:54.74 0 0
2 0002_587 93.34679 -72.63325 11.48760 0.03180 9578740 9578737 2016-05-03T16:52:54.74 0 0
2 0002_588 93.08137 -72.62666 11.26350 0.02680 9578738 - 2016-05-03T16:52:54.74 0 0
2 0002_589 91.19965 -72.61362 10.94700 0.02620 9579065 9579064 2016-05-03T16:52:54.74 0 0
2 0002_590 90.69866 -72.61107 11.19930 0.02350 9579140 - 2016-05-03T16:52:54.74 0 0
2 0002_591 93.6069 -72.61809 12.34800 0.05850 9578719 - 2016-05-03T16:52:54.74 0 0
2 0002_592 90.72474 -72.5974 9.82190 0.01490 9579141 9579140 2016-05-03T16:52:54.74 0 0
2 0002_593 92.96456 -72.60875 13.46990 0.05720 9578744 - 2016-05-03T16:52:54.74 0 0
2 0002_594 92.12496 -72.6009 11.77900 0.04450 9579080 - 2016-05-03T16:52:54.74 0 0
2 0002_595 91.19401 -72.59411 10.36190 0.00700 9579065 9579064 2016-05-03T16:52:54.74 0 0
2 0002_596 90.70184 -72.58456 10.43760 0.01670 9579140 - 2016-05-03T16:52:54.74 0 0
2 0002_597 90.93998 -72.58756 12.34620 0.04130 9579055 - 2016-05-03T16:52:54.74 0 0
2 0002_598 91.19267 -72.5884 12.74720 0.04480 9579065 9579064 2016-05-03T16:52:54.74 0 0
2 0002_599 94.49789 -72.58147 13.09770 0.05520 9578884 - 2016-05-03T16:52:54.74 0 0
2 0002_600 92.57718 -72.57944 9.41690 0.00580 9579076 - 2016-05-03T16:52:54.74 0 0
2 0002_601 92.55211 -72.58602 11.92250 0.04800 9579076 - 2016-05-03T16:52:54.74 0 0
2 0002_602 94.75723 -72.57142 10.75900 0.01720 9578810 9578799 2016-05-03T16:52:54.74 0 0
2 0002_603 91.71192 -72.58322 13.13380 0.05400 9579061 - 2016-05-03T16:52:54.74 0 0
2 0002_604 91.01665 -72.57563 13.79900 0.06710 9579066 - 2016-05-03T16:52:54.74 0 0
2 0002_605 93.03303 -72.57555 10.53140 0.01460 9578746 - 2016-05-03T16:52:54.74 0 0
2 0002_606 91.32808 -72.56841 12.51650 0.05890 9579065 - 2016-05-03T16:52:54.74 0 0
2 0002_607 90.92971 -72.56051 11.67070 0.02810 9579141 - 2016-05-03T16:52:54.74 0 0
2 0002_608 90.69765 -72.55079 10.40880 0.01680 9579142 - 2016-05-03T16:52:54.74 0 0
2 0002_609 95.28926 -72.53783 11.13260 0.03220 9578812 - 2016-05-03T16:52:54.74 0 0
2 0002_610 95.072 -72.52661 12.18220 0.05270 9578811 - 2016-05-03T16:52:54.74 0 0
2 0002_611 91.39466 -72.52983 11.58990 0.03630 9579067 - 2016-05-03T16:52:54.74 0 0
2 0002_612 91.62427 -72.51454 8.59730 0.00310 9579068 - 2016-05-03T16:52:54.74 0 0
2 0002_613 90.6787 -72.63464 99.00000 99.00000 9579054 - 2016-05-03T16:52:54.74 0 0
2 0002_614 94.22868 -72.51769 12.87920 0.04670 9578891 - 2016-05-03T16:52:54.74 0 0
2 0002_615 92.39417 -72.51765 12.27700 0.03300 9579086 - 2016-05-03T16:52:54.74 0 0
2 0002_616 94.21725 -72.51301 12.94400 0.04900 9578891 - 2016-05-03T16:52:54.74 0 0
2 0002_617 94.15192 -72.51294 12.61040 0.06400 9578891 - 2016-05-03T16:52:54.74 0 0
2 0002_618 93.74065 -72.49692 8.43070 0.00280 9578743 - 2016-05-03T16:52:54.74 0 0
2 0002_619 94.20883 -72.50531 12.62420 0.06090 9578891 - 2016-05-03T16:52:54.74 0 0
2 0002_620 91.87532 -72.50658 12.58360 0.05990 9579063 - 2016-05-03T16:52:54.74 0 0
2 0002_621 95.27634 -72.4869 10.43070 0.01860 9578814 - 2016-05-03T16:52:54.74 0 0
2 0002_622 92.94238 -72.49363 13.27960 0.05960 9579090 - 2016-05-03T16:52:54.74 0 0
2 0002_623 93.16832 -72.47864 8.28800 0.00250 9579089 - 2016-05-03T16:52:54.74 0 0
2 0002_624 94.59167 -72.48272 12.58790 0.06350 9578893 - 2016-05-03T16:52:54.74 0 0
2 0002_625 93.64097 -72.48735 12.33850 0.03310 9578749 - 2016-05-03T16:52:54.74 0 0
2 0002_626 92.14167 -72.483 12.22040 0.05710 9579105 9579104 2016-05-03T16:52:54.74 0 0
2 0002_627 94.78424 -72.46552 10.41990 0.01250 9578898 - 2016-05-03T16:52:54.74 0 0
2 0002_628 90.80912 -72.4648 13.56790 0.06640 9579149 - 2016-05-03T16:52:54.74 0 0
2 0002_629 90.71106 -72.45652 10.87580 0.02010 9579151 9579150 2016-05-03T16:52:54.74 0 0
2 0002_630 94.8488 -72.45283 11.31280 0.02970 9578898 - 2016-05-03T16:52:54.74 0 0
2 0002_631 90.77062 -72.45482 13.47510 0.08080 9579151 - 2016-05-03T16:52:54.74 0 0
2 0002_632 92.37825 -72.4594 11.42480 0.02990 9579108 9579105 2016-05-03T16:52:54.74 0 0
2 0002_633 95.0824 -72.45108 13.69140 0.06100 9578899 - 2016-05-03T16:52:54.74 0 0
2 0002_634 92.94116 -72.458 12.25210 0.05470 9579090 - 2016-05-03T16:52:54.74 0 0
2 0002_635 92.6953 -72.4504 10.77410 0.01700 9579087 - 2016-05-03T16:52:54.74 0 0
2 0002_636 91.40812 -72.44874 12.81650 0.04560 9579153 - 2016-05-03T16:52:54.74 0 0
2 0002_637 91.86829 -72.44693 13.57750 0.06690 9579069 - 2016-05-03T16:52:54.74 0 0
2 0002_638 95.163 -72.43459 13.64170 0.05840 9578899 - 2016-05-03T16:52:54.74 0 0
2 0002_639 95.18619 -72.42733 13.43530 0.06230 9578902 9578899 2016-05-03T16:52:54.74 0 0
2 0002_640 91.81909 -72.42089 11.67480 0.04040 9579071 - 2016-05-03T16:52:54.74 0 0
2 0002_641 94.87604 -72.40559 11.86110 0.04680 9578904 - 2016-05-03T16:52:54.74 0 0
2 0002_642 92.2711 -72.41387 12.59950 0.06040 9579107 - 2016-05-03T16:52:54.74 0 0
2 0002_643 95.05491 -72.40098 13.45330 0.05640 9578905 - 2016-05-03T16:52:54.74 0 0
2 0002_644 94.66215 -72.39957 12.44810 0.05770 9578895 - 2016-05-03T16:52:54.74 0 0
2 0002_645 92.34585 -72.40106 12.09580 0.04980 9579110 9579107 2016-05-03T16:52:54.74 0 0
2 0002_646 90.91253 -72.38988 12.51480 0.03820 9579173 - 2016-05-03T16:52:54.74 0 0
2 0002_647 90.72173 -72.3781 11.33800 0.02520 9579175 9579174 2016-05-03T16:52:54.74 0 0
2 0002_648 93.79736 -72.37381 11.87500 0.04150 9579264 - 2016-05-03T16:52:54.74 0 0
2 0002_649 90.70519 -72.33147 8.96980 0.01190 9579181 9579180 2016-05-03T16:52:54.74 0 0
2 0002_650 91.00025 -72.36477 12.52160 0.06260 9579184 - 2016-05-03T16:52:54.74 0 0
2 0002_651 93.31425 -72.37243 12.40430 0.05900 9579100 - 2016-05-03T16:52:54.74 0 0
2 0002_652 90.72211 -72.35874 11.00550 0.02240 9579175 9579174 2016-05-03T16:52:54.74 0 0
2 0002_653 94.02064 -72.34525 12.13620 0.05220 9578923 - 2016-05-03T16:52:54.74 0 0
2 0002_654 95.33411 -72.3132 12.23320 0.04010 9578908 - 2016-05-03T16:52:54.74 0 0
2 0002_655 94.46397 -72.32757 10.58720 0.01430 9578925 9578924 2016-05-03T16:52:54.74 0 0
2 0002_656 90.70253 -72.32659 11.64520 0.02060 9579181 9579180 2016-05-03T16:52:54.74 0 0
2 0002_657 91.71164 -72.33124 11.20680 0.01530 9579159 - 2016-05-03T16:52:54.74 0 0
2 0002_658 90.70783 -72.32474 11.99940 0.02800 9579181 9579180 2016-05-03T16:52:54.74 0 0
2 0002_659 95.3327 -72.30502 11.84910 0.04280 9578908 - 2016-05-03T16:52:54.74 0 0
2 0002_660 93.07759 -72.32828 12.29710 0.05570 9579121 - 2016-05-03T16:52:54.74 0 0
2 0002_661 91.9447 -72.31258 12.00370 0.03620 9579202 - 2016-05-03T16:52:54.74 0 0
2 0002_662 91.12525 -72.30978 10.32480 0.01270 9579184 - 2016-05-03T16:52:54.74 0 0
2 0002_663 94.40356 -72.30876 10.46580 0.01220 9578924 - 2016-05-03T16:52:54.74 0 0
2 0002_664 95.07253 -72.2992 11.18590 0.02030 9578929 - 2016-05-03T16:52:54.74 0 0
2 0002_665 94.83476 -72.29947 11.63970 0.04230 9578930 - 2016-05-03T16:52:54.74 0 0
2 0002_666 95.15829 -72.29639 12.26410 0.03750 9578910 9578907 2016-05-03T16:52:54.74 0 0
2 0002_667 91.42996 -72.302 11.81230 0.04340 9579166 - 2016-05-03T16:52:54.74 0 0
2 0002_668 95.33144 -72.29141 11.91130 0.05150 9578910 - 2016-05-03T16:52:54.74 0 0
2 0002_669 91.43303 -72.29689 11.39720 0.03270 9579166 - 2016-05-03T16:52:54.74 0 0
2 0002_670 95.32898 -72.26687 11.10360 0.03760 9578910 - 2016-05-03T16:52:54.74 0 0
2 0002_671 95.33308 -72.27843 12.10070 0.06410 9578910 - 2016-05-03T16:52:54.74 0 0
2 0002_672 92.15103 -72.28999 12.12640 0.05130 9579201 - 2016-05-03T16:52:54.74 0 0
2 0002_673 93.70842 -72.28296 10.84600 0.02000 9579101 - 2016-05-03T16:52:54.74 0 0
2 0002_674 90.73455 -72.27697 10.94820 0.02100 9579183 - 2016-05-03T16:52:54.74 0 0
2 0002_675 95.33067 -72.24008 10.99450 0.03350 9578932 - 2016-05-03T16:52:54.74 0 0
2 0002_676 92.97515 -72.28185 11.61600 0.03320 9579122 - 2016-05-03T16:52:54.74 0 0
2 0002_677 91.77824 -72.27629 11.49940 0.03370 9579165 - 2016-05-03T16:52:54.74 0 0
2 0002_678 90.7338 -72.26656 10.71020 0.01870 9579183 - 2016-05-03T16:52:54.74 0 0
2 0002_679 95.33008 -72.25228 11.13980 0.03110 9578932 - 2016-05-03T16:52:54.74 0 0
2 0002_680 93.69184 -72.27207 11.58060 0.03490 9579101 - 2016-05-03T16:52:54.74 0 0
2 0002_681 94.40543 -72.26612 12.07170 0.04800 9578926 - 2016-05-03T16:52:54.74 0 0
2 0002_682 91.55481 -72.26019 11.59970 0.02890 9579188 - 2016-05-03T16:52:54.74 0 0
2 0002_683 92.26445 -72.26256 10.99130 0.02850 9579201 - 2016-05-03T16:52:54.74 0 0
2 0002_684 92.26355 -72.25777 9.62870 0.00760 9579203 - 2016-05-03T16:52:54.74 0 0
2 0002_685 90.7388 -72.24783 10.65740 0.01880 9579183 - 2016-05-03T16:52:54.74 0 0
2 0002_686 91.34943 -72.23809 10.01810 0.01110 9579187 - 2016-05-03T16:52:54.74 0 0
2 0002_687 94.40691 -72.24272 11.83440 0.04220 9579268 - 2016-05-03T16:52:54.74 0 0
2 0002_688 95.3418 -72.19501 99.00000 99.00000 9578935 9578934 2016-05-03T16:52:54.74 0 0
2 0002_689 95.34264 -72.10835 99.00000 99.00000 9578941 - 2016-05-03T16:52:54.74 0 0
2 0002_690 95.08078 -72.01932 99.00000 99.00000 9579286 - 2016-05-03T16:52:54.74 0 0
2 0002_691 95.34173 -72.21835 11.17000 0.03710 9578933 9578932 2016-05-03T16:52:54.74 0 0
2 0002_692 92.60958 -72.23871 13.52260 0.06380 9579119 - 2016-05-03T16:52:54.74 0 0
2 0002_693 95.34093 -72.22713 12.60680 0.05770 9578932 - 2016-05-03T16:52:54.74 0 0
2 0002_694 93.71389 -72.23458 12.70330 0.06640 9579103 - 2016-05-03T16:52:54.74 0 0
2 0002_695 92.87507 -72.22725 11.54120 0.03460 9579130 - 2016-05-03T16:52:54.74 0 0
2 0002_696 91.74688 -72.21862 11.86680 0.04740 9579189 - 2016-05-03T16:52:54.74 0 0
2 0002_697 91.68038 -72.21521 11.10930 0.02680 9579189 - 2016-05-03T16:52:54.74 0 0
2 0002_698 94.61229 -72.2114 12.57210 0.04220 9578927 - 2016-05-03T16:52:54.74 0 0
2 0002_699 90.74919 -72.20972 11.73230 0.03020 9601029 - 2016-05-03T16:52:54.74 0 0
2 0002_700 94.6207 -72.21147 13.30790 0.05570 9578927 - 2016-05-03T16:52:54.74 0 0
2 0002_701 95.34339 -72.1741 99.00000 99.00000 9578935 9578934 2016-05-03T16:52:54.74 0 0
2 0002_702 91.44107 -72.20593 12.83800 0.04680 9579190 - 2016-05-03T16:52:54.74 0 0
2 0002_703 95.34314 -72.14207 99.00000 99.00000 9578941 9578940 2016-05-03T16:52:54.74 0 0
2 0002_704 94.70986 -72.19248 10.31000 0.01150 9578938 - 2016-05-03T16:52:54.74 0 0
2 0002_705 95.33235 -72.12426 10.29500 0.03840 9578941 9578940 2016-05-03T16:52:54.74 0 0
2 0002_706 92.72563 -72.20299 12.08300 0.04640 9579205 - 2016-05-03T16:52:54.74 0 0
2 0002_707 95.34354 -72.16684 99.00000 99.00000 9578935 9578934 2016-05-03T16:52:54.74 0 0
2 0002_708 95.34416 -72.15362 99.00000 99.00000 9578935 9578934 2016-05-03T16:52:54.74 0 0
2 0002_709 90.74312 -72.18632 11.74840 0.03020 9601031 - 2016-05-03T16:52:54.74 0 0
2 0002_710 92.80735 -72.18916 10.38560 0.01460 9579216 9579205 2016-05-03T16:52:54.74 0 0
2 0002_711 90.68933 -72.15594 99.00000 99.00000 9601036 - 2016-05-03T16:52:54.74 0 0
2 0002_712 90.7296 -72.02219 99.00000 99.00000 9601061 - 2016-05-03T16:52:54.74 0 0
2 0002_713 90.66984 -72.21786 99.00000 99.00000 9601028 - 2016-05-03T16:52:54.74 0 0
2 0002_714 90.66549 -72.2336 99.00000 99.00000 9601028 - 2016-05-03T16:52:54.74 0 0
2 0002_715 90.73075 -72.10703 8.07760 0.00790 9601037 - 2016-05-03T16:52:54.74 0 0
2 0002_716 90.9923 -72.17611 12.64600 0.03950 9601040 - 2016-05-03T16:52:54.74 0 0
2 0002_717 92.01209 -72.18148 12.15370 0.02930 9579210 - 2016-05-03T16:52:54.74 0 0
2 0002_718 92.80764 -72.1655 7.01530 0.00110 9579216 - 2016-05-03T16:52:54.74 0 0
2 0002_719 94.59026 -72.16621 12.74970 0.04710 9579269 - 2016-05-03T16:52:54.74 0 0
2 0002_720 91.39836 -72.1648 10.89200 0.02060 9579196 9579193 2016-05-03T16:52:54.74 0 0
2 0002_721 94.35685 -72.16802 12.63760 0.06160 9579270 - 2016-05-03T16:52:54.74 0 0
2 0002_722 92.18931 -72.16979 12.96900 0.05060 9579211 - 2016-05-03T16:52:54.74 0 0
2 0002_723 95.27105 -72.14023 9.25110 0.00720 9578940 - 2016-05-03T16:52:54.74 0 0
2 0002_724 95.32911 -72.06408 99.00000 99.00000 9578943 - 2016-05-03T16:52:54.74 0 0
2 0002_725 94.86425 -72.14637 13.62410 0.06770 9579281 9579280 2016-05-03T16:52:54.74 0 0
2 0002_726 94.55876 -72.13219 8.02700 0.00210 9579271 - 2016-05-03T16:52:54.74 0 0
2 0002_727 91.1304 -72.13668 12.08490 0.05220 9601040 - 2016-05-03T16:52:54.74 0 0
2 0002_728 90.7261 -72.05683 10.47200 0.03320 9601039 - 2016-05-03T16:52:54.74 0 0
2 0002_729 95.34316 -72.09517 99.00000 99.00000 9578943 - 2016-05-03T16:52:54.74 0 0
2 0002_730 95.34403 -72.08371 99.00000 99.00000 9578943 - 2016-05-03T16:52:54.74 0 0
2 0002_731 90.74876 -71.95754 99.00000 99.00000 9601069 - 2016-05-03T16:52:54.74 0 0
2 0002_732 93.59109 -72.13232 12.22140 0.05640 9579127 - 2016-05-03T16:52:54.74 0 0
2 0002_733 95.29721 -72.10825 9.94200 0.01540 9578942 - 2016-05-03T16:52:54.74 0 0
2 0002_734 93.55769 -72.12377 11.54930 0.03550 9579133 - 2016-05-03T16:52:54.74 0 0
2 0002_735 95.26859 -72.10519 10.89740 0.02700 9578942 - 2016-05-03T16:52:54.74 0 0
2 0002_736 90.71042 -72.08805 11.78840 0.06690 9601039 9601038 2016-05-03T16:52:54.74 0 0
2 0002_737 93.1274 -72.10639 13.31950 0.05830 9579217 - 2016-05-03T16:52:54.74 0 0
2 0002_738 94.73526 -72.08376 11.16190 0.02340 9579288 - 2016-05-03T16:52:54.74 0 0
2 0002_739 92.96237 -72.08941 9.91240 0.00880 9579218 - 2016-05-03T16:52:54.74 0 0
2 0002_740 93.61728 -72.07868 10.02560 0.00910 9579133 - 2016-05-03T16:52:54.74 0 0
2 0002_741 93.33398 -72.08551 13.47710 0.06030 9579220 - 2016-05-03T16:52:54.74 0 0
2 0002_742 93.35947 -72.07749 11.74160 0.04260 9579220 - 2016-05-03T16:52:54.74 0 0
2 0002_743 95.34933 -71.99097 99.00000 99.00000 9579287 - 2016-05-03T16:52:54.74 0 0
2 0002_744 94.61736 -72.04459 8.75210 0.00340 9579290 9579279 2016-05-03T16:52:54.74 0 0
2 0002_745 93.43896 -72.05686 11.62850 0.03620 9579220 - 2016-05-03T16:52:54.74 0 0
2 0002_746 95.35142 -72.01185 99.00000 99.00000 9579285 - 2016-05-03T16:52:54.74 0 0
2 0002_747 93.81284 -72.04089 10.39500 0.01240 9579304 - 2016-05-03T16:52:54.74 0 0
2 0002_748 90.86808 -72.03447 11.75190 0.02900 9601039 - 2016-05-03T16:52:54.74 0 0
2 0002_749 94.90328 -72.03352 11.47140 0.03600 9579289 - 2016-05-03T16:52:54.74 0 0
2 0002_750 95.35288 -71.98324 99.00000 99.00000 9579287 - 2016-05-03T16:52:54.74 0 0
2 0002_751 95.34367 -72.00502 10.42930 0.02540 9579285 - 2016-05-03T16:52:54.74 0 0
2 0002_752 93.47782 -72.0384 13.62390 0.07470 9579221 - 2016-05-03T16:52:54.74 0 0
2 0002_753 93.58387 -72.03456 13.03990 0.05470 9579221 - 2016-05-03T16:52:54.74 0 0
2 0002_754 95.35127 -72.01543 11.95140 0.04720 9579285 - 2016-05-03T16:52:54.74 0 0
2 0002_755 94.77474 -72.02281 12.26850 0.05540 9579290 - 2016-05-03T16:52:54.74 0 0
2 0002_756 94.21843 -72.02325 11.34910 0.03050 9579302 - 2016-05-03T16:52:54.74 0 0
2 0002_757 91.31201 -72.02282 12.65030 0.04000 9601049 - 2016-05-03T16:52:54.74 0 0
2 0002_758 92.9348 -72.02068 12.02660 0.04910 9579226 - 2016-05-03T16:52:54.74 0 0
2 0002_759 92.16106 -72.0117 8.84800 0.00370 9579241 - 2016-05-03T16:52:54.74 0 0
2 0002_760 95.35174 -71.97027 99.00000 99.00000 9579287 - 2016-05-03T16:52:54.74 0 0
2 0002_761 91.30428 -72.01297 12.37000 0.03550 9601049 - 2016-05-03T16:52:54.74 0 0
2 0002_762 91.29617 -72.01276 12.90560 0.05200 9601049 - 2016-05-03T16:52:54.74 0 0
2 0002_763 93.59177 -72.01635 13.38140 0.05860 9579221 - 2016-05-03T16:52:54.74 0 0
2 0002_764 92.56846 -72.00859 10.41950 0.01320 9579239 - 2016-05-03T16:52:54.74 0 0
2 0002_765 93.25956 -72.012 12.78740 0.04410 9579222 - 2016-05-03T16:52:54.74 0 0
2 0002_766 95.35255 -71.97566 99.00000 99.00000 9579287 - 2016-05-03T16:52:54.74 0 0
2 0002_767 95.34575 -71.9523 99.00000 99.00000 9579293 - 2016-05-03T16:52:54.74 0 0
2 0002_768 95.35193 -71.95716 99.00000 99.00000 9579287 - 2016-05-03T16:52:54.74 0 0
2 0002_769 94.5076 -71.99895 12.16990 0.05430 9579301 - 2016-05-03T16:52:54.74 0 0
2 0002_770 95.35187 -71.96411 10.75740 0.02430 9579287 - 2016-05-03T16:52:54.74 0 0
2 0002_771 91.07483 -71.99025 11.24470 0.02090 9601050 - 2016-05-03T16:52:54.74 0 0
2 0002_772 91.11149 -71.9853 11.20390 0.02750 9601050 - 2016-05-03T16:52:54.74 0 0
2 0002_773 92.21297 -71.98871 11.31120 0.02740 9579241 - 2016-05-03T16:52:54.74 0 0
2 0002_774 91.20692 -71.97736 12.32020 0.04160 9601051 - 2016-05-03T16:52:54.74 0 0
2 0002_775 94.03239 -71.98087 13.12090 0.05170 9579307 - 2016-05-03T16:52:54.74 0 0
2 0002_776 94.12032 -71.97684 13.57620 0.06490 9579305 - 2016-05-03T16:52:54.74 0 0
2 0002_777 93.39159 -71.96167 9.52690 0.00620 9579228 - 2016-05-03T16:52:54.74 0 0
2 0002_778 93.05477 -71.96905 13.63590 0.06400 9579227 - 2016-05-03T16:52:54.74 0 0
2 0002_779 91.24806 -71.9565 11.66100 0.04020 9601051 - 2016-05-03T16:52:54.74 0 0
2 0002_780 93.45078 -71.95672 10.90590 0.01920 9579229 9579228 2016-05-03T16:52:54.74 0 0
2 0002_781 93.99031 -71.94651 13.49450 0.06220 9579393 - 2016-05-03T16:52:54.74 0 0
2 0002_782 92.89915 -71.94118 12.33780 0.05760 9579248 - 2016-05-03T16:52:54.74 0 0
2 0002_783 94.60672 -71.92562 9.99730 0.00940 9579314 - 2016-05-03T16:52:54.74 0 0
2 0002_784 95.28961 -71.92263 10.72980 0.01930 9579293 - 2016-05-03T16:52:54.74 0 0
2 0002_785 94.39937 -71.92168 13.18700 0.05820 9579309 - 2016-05-03T16:52:54.74 0 0
2 0002_786 93.36468 -71.92639 12.29210 0.05400 9579230 - 2016-05-03T16:52:54.74 0 0
2 0002_787 91.48382 -71.91581 10.39510 0.01310 9601054 - 2016-05-03T16:52:54.74 0 0
2 0002_788 93.63545 -71.91837 10.39450 0.01430 9579229 - 2016-05-03T16:52:54.74 0 0
2 0002_789 95.18987 -71.90114 11.12780 0.02350 9579294 - 2016-05-03T16:52:54.74 0 0
2 0002_790 93.65985 -71.91546 13.66130 0.06550 9579400 9579229 2016-05-03T16:52:54.74 0 0
2 0002_791 92.41251 -71.91513 12.14810 0.03470 9579246 - 2016-05-03T16:52:54.74 0 0
2 0002_792 91.41575 -71.90636 12.07660 0.05230 9601076 - 2016-05-03T16:52:54.74 0 0
2 0002_793 94.94042 -71.9 12.77680 0.04910 9579313 - 2016-05-03T16:52:54.74 0 0
2 0002_794 94.9428 -71.89794 13.20750 0.06200 9579313 - 2016-05-03T16:52:54.74 0 0
2 0002_795 92.51752 -71.9021 11.55200 0.03890 9579247 9579246 2016-05-03T16:52:54.74 0 0
2 0002_796 92.97222 -71.89725 10.58650 0.01740 9579251 9579250 2016-05-03T16:52:54.74 0 0
2 0002_797 92.89728 -71.89325 13.25990 0.06880 9579250 - 2016-05-03T16:52:54.74 0 0
2 0002_798 94.16054 -71.88565 13.21660 0.05920 9579396 - 2016-05-03T16:52:54.74 0 0
2 0002_799 92.42271 -71.87513 12.20950 0.05660 9601092 - 2016-05-03T16:52:54.74 0 0
2 0002_800 90.78107 -71.85968 12.10170 0.05520 9601071 - 2016-05-03T16:52:54.74 0 0
2 0002_801 95.28963 -71.92785 99.00000 99.00000 9579293 - 2016-05-03T16:52:54.74 0 0
2 0002_802 95.35507 -71.89438 99.00000 99.00000 9579295 - 2016-05-03T16:52:54.74 0 0
2 0002_803 95.35275 -71.91819 99.00000 99.00000 9579293 - 2016-05-03T16:52:54.74 0 0
2 0002_804 95.3531 -71.93452 99.00000 99.00000 9579293 - 2016-05-03T16:52:54.74 0 0
2 0002_805 95.35327 -71.94428 99.00000 99.00000 9579293 - 2016-05-03T16:52:54.74 0 0
2 0002_806 95.35383 -71.80373 6.14130 0.00440 9579319 - 2016-05-03T16:52:54.74 0 0
2 0002_807 95.34883 -71.82588 9.21380 0.03950 9579317 - 2016-05-03T16:52:54.74 0 0
2 0002_808 95.3422 -71.85101 8.98840 0.01330 9579317 - 2016-05-03T16:52:54.74 0 0
2 0002_809 95.3382 -71.77464 7.99660 0.01040 9579319 - 2016-05-03T16:52:54.74 0 0
2 0002_810 95.33419 -71.71394 5.92240 0.00360 9579325 - 2016-05-03T16:52:54.74 0 0
2 0002_811 95.32149 -71.67656 6.60940 0.00740 9579327 - 2016-05-03T16:52:54.74 0 0
2 0002_812 95.30336 -71.68749 5.92150 0.00430 9579327 - 2016-05-03T16:52:54.74 0 0
2 0002_813 91.48518 -71.85763 11.76570 0.04430 9601076 - 2016-05-03T16:52:54.74 0 0
2 0002_814 90.7834 -71.84725 12.54660 0.06580 9601157 - 2016-05-03T16:52:54.74 0 0
2 0002_815 91.48987 -71.85313 12.22440 0.03790 9601078 - 2016-05-03T16:52:54.74 0 0
2 0002_816 93.12918 -71.85511 12.31020 0.05950 9579251 - 2016-05-03T16:52:54.74 0 0
2 0002_817 93.93032 -71.84925 11.72980 0.03850 9579401 - 2016-05-03T16:52:54.74 0 0
2 0002_818 95.35067 -71.79981 9.28460 0.02090 9579319 - 2016-05-03T16:52:54.74 0 0
2 0002_819 91.45009 -71.85025 12.55430 0.05830 9601078 - 2016-05-03T16:52:54.74 0 0
2 0002_820 90.78834 -71.83632 11.99090 0.05530 9601157 - 2016-05-03T16:52:54.74 0 0
2 0002_821 92.84993 -71.84441 13.00710 0.05320 9579258 - 2016-05-03T16:52:54.74 0 0
2 0002_822 92.92654 -71.84155 12.84850 0.04900 9579256 - 2016-05-03T16:52:54.74 0 0
2 0002_823 92.9932 -71.8289 9.55230 0.00710 9579257 - 2016-05-03T16:52:54.74 0 0
2 0002_824 92.65565 -71.83138 13.30180 0.05680 9601093 - 2016-05-03T16:52:54.74 0 0
2 0002_825 91.09512 -71.82292 13.10920 0.05280 9601082 - 2016-05-03T16:52:54.74 0 0
2 0002_826 91.10911 -71.82333 13.10360 0.05840 9601082 - 2016-05-03T16:52:54.74 0 0
2 0002_827 92.257 -71.82229 10.49110 0.01400 9601097 - 2016-05-03T16:52:54.74 0 0
2 0002_828 91.551 -71.8251 13.71260 0.06220 9601078 - 2016-05-03T16:52:54.74 0 0
2 0002_829 92.02063 -71.82218 11.50400 0.03240 9601098 - 2016-05-03T16:52:54.74 0 0
2 0002_830 93.55603 -71.82372 13.26610 0.05430 9579253 - 2016-05-03T16:52:54.74 0 0
2 0002_831 94.53777 -71.81111 12.50280 0.06280 9579397 - 2016-05-03T16:52:54.74 0 0
2 0002_832 92.60923 -71.81385 11.45580 0.03070 9601093 - 2016-05-03T16:52:54.74 0 0
2 0002_833 91.27669 -71.80761 11.88840 0.04560 9601081 - 2016-05-03T16:52:54.74 0 0
2 0002_834 91.99711 -71.80403 11.38580 0.02970 9601098 - 2016-05-03T16:52:54.74 0 0
2 0002_835 94.75657 -71.79734 13.33710 0.05930 9579322 - 2016-05-03T16:52:54.74 0 0
2 0002_836 92.5292 -71.80557 13.53230 0.06050 9601095 - 2016-05-03T16:52:54.74 0 0
2 0002_837 91.35908 -71.79727 12.87990 0.04900 9601081 - 2016-05-03T16:52:54.74 0 0
2 0002_838 91.68757 -71.79871 12.31920 0.06020 9601079 - 2016-05-03T16:52:54.74 0 0
2 0002_839 91.68497 -71.7945 11.17340 0.02790 9601079 - 2016-05-03T16:52:54.74 0 0
2 0002_840 94.81856 -71.78467 10.44970 0.01500 9579323 - 2016-05-03T16:52:54.74 0 0
2 0002_841 93.99192 -71.79192 11.92590 0.04340 9579403 - 2016-05-03T16:52:54.74 0 0
2 0002_842 91.27326 -71.78572 12.54600 0.06350 9601083 - 2016-05-03T16:52:54.74 0 0
2 0002_843 95.36027 -71.67916 8.19770 0.00700 9579327 - 2016-05-03T16:52:54.74 0 0
2 0002_844 91.48723 -71.77805 10.27660 0.01160 9601084 - 2016-05-03T16:52:54.74 0 0
2 0002_845 93.86877 -71.78307 11.75720 0.03680 9579425 9579424 2016-05-03T16:52:54.74 0 0
2 0002_846 93.30087 -71.77652 11.95010 0.03370 9579260 - 2016-05-03T16:52:54.74 0 0
2 0002_847 92.72437 -71.78365 13.12870 0.05320 9601106 9601095 2016-05-03T16:52:54.74 0 0
2 0002_848 92.04226 -71.7798 12.64830 0.06050 9601121 9601120 2016-05-03T16:52:54.74 0 0
2 0002_849 93.33586 -71.7731 12.63820 0.06220 9579260 - 2016-05-03T16:52:54.74 0 0
2 0002_850 93.10328 -71.67596 13.11630 0.05570 9601107 - 2016-05-03T16:52:54.74 0 0
2 0002_851 94.79827 -71.51808 7.95860 0.00740 9579443 - 2016-05-03T16:52:54.74 0 0
2 0002_852 92.80099 -71.6228 12.85540 0.06440 9601136 - 2016-05-03T16:52:54.74 0 0
2 0002_853 92.18636 -71.68362 11.79630 0.04460 9601123 - 2016-05-03T16:52:54.74 0 0
2 0002_854 94.60748 -71.68016 11.61950 0.03600 9579416 - 2016-05-03T16:52:54.74 0 0
2 0002_855 91.66973 -71.56568 10.92730 0.02080 9601181 - 2016-05-03T16:52:54.74 0 0
2 0002_856 93.3855 -71.56682 10.92610 0.02670 9601117 9601116 2016-05-03T16:52:54.74 0 0
2 0002_857 95.35382 -71.66122 10.86700 0.01920 9579327 - 2016-05-03T16:52:54.74 0 0
2 0002_858 92.64752 -71.56994 11.56700 0.02790 9601127 - 2016-05-03T16:52:54.74 0 0
2 0002_859 91.39768 -71.56559 9.89790 0.01450 9601182 - 2016-05-03T16:52:54.74 0 0
2 0002_860 92.18009 -71.59238 11.61400 0.04190 9601131 - 2016-05-03T16:52:54.74 0 0
2 0002_861 91.06792 -71.56559 12.10280 0.03570 9601202 - 2016-05-03T16:52:54.74 0 0
2 0002_862 95.10872 -71.66713 12.28000 0.05600 9579412 - 2016-05-03T16:52:54.74 0 0
2 0002_863 94.53648 -71.70894 12.81580 0.04690 9579416 9579405 2016-05-03T16:52:54.74 0 0
2 0002_864 92.12796 -71.56857 11.50680 0.02680 9601217 - 2016-05-03T16:52:54.74 0 0
2 0002_865 95.07646 -71.71316 8.68990 0.00320 9579412 - 2016-05-03T16:52:54.74 0 0
2 0002_866 95.36826 -71.65793 10.02280 0.01380 9579327 - 2016-05-03T16:52:54.74 0 0
2 0002_867 91.47021 -71.56429 10.38020 0.01650 9601182 - 2016-05-03T16:52:54.74 0 0
2 0002_868 93.65739 -71.75278 12.06050 0.05160 9579426 - 2016-05-03T16:52:54.74 0 0
2 0002_869 92.91987 -71.73602 11.82930 0.04390 9601106 - 2016-05-03T16:52:54.74 0 0
2 0002_870 95.26098 -71.72957 9.75510 0.01310 9579325 - 2016-05-03T16:52:54.74 0 0
2 0002_871 91.91955 -71.56781 10.90280 0.02070 9601218 - 2016-05-03T16:52:54.74 0 0
2 0002_872 93.54544 -71.56909 11.53770 0.03450 9601111 - 2016-05-03T16:52:54.74 0 0
2 0002_873 95.36686 -71.66774 9.08090 0.00970 9579327 - 2016-05-03T16:52:54.74 0 0
2 0002_874 93.52213 -71.58942 11.42460 0.03740 9601111 - 2016-05-03T16:52:54.74 0 0
2 0002_875 92.99377 -71.57027 10.44060 0.01680 9601137 - 2016-05-03T16:52:54.74 0 0
2 0002_876 91.07297 -71.6418 11.07600 0.01870 9601178 - 2016-05-03T16:52:54.74 0 0
2 0002_877 91.86688 -71.64394 11.39280 0.01730 9601130 - 2016-05-03T16:52:54.74 0 0
2 0002_878 90.974 -71.56204 11.55760 0.02720 9601202 - 2016-05-03T16:52:54.74 0 0
2 0002_879 95.07739 -71.62613 10.34750 0.01600 9579414 - 2016-05-03T16:52:54.74 0 0
2 0002_880 93.59983 -71.63449 10.97220 0.01720 9601280 9601109 2016-05-03T16:52:54.74 0 0
2 0002_881 94.27217 -71.64555 10.58810 0.01310 9579430 - 2016-05-03T16:52:54.74 0 0
2 0002_882 95.03634 -71.72448 11.15350 0.01940 9579412 - 2016-05-03T16:52:54.74 0 0
2 0002_883 91.55951 -71.56433 10.96010 0.02100 9601180 - 2016-05-03T16:52:54.74 0 0
2 0002_884 91.28599 -71.56693 9.16130 0.00990 9601201 - 2016-05-03T16:52:54.74 0 0
2 0002_885 93.22632 -71.7655 12.28510 0.05890 9579262 - 2016-05-03T16:52:54.74 0 0
2 0002_886 91.84276 -71.56689 11.02780 0.02170 9601218 - 2016-05-03T16:52:54.74 0 0
2 0002_887 91.97776 -71.72326 12.70390 0.04580 9601122 - 2016-05-03T16:52:54.74 0 0
2 0002_888 94.92128 -71.60022 11.02120 0.03020 9579419 - 2016-05-03T16:52:54.74 0 0
2 0002_889 92.35859 -71.74015 7.62170 0.00160 9601102 - 2016-05-03T16:52:54.74 0 0
2 0002_890 90.87505 -71.5727 11.03320 0.02200 9601191 - 2016-05-03T16:52:54.74 0 0
2 0002_891 92.39155 -71.64749 12.39660 0.04300 9601126 - 2016-05-03T16:52:54.74 0 0
2 0002_892 93.26355 -71.66928 12.99540 0.05350 9601110 - 2016-05-03T16:52:54.74 0 0
2 0002_893 91.53717 -71.59752 12.00340 0.03400 9601180 - 2016-05-03T16:52:54.74 0 0
2 0002_894 91.96229 -71.56963 8.92520 0.00890 9601216 - 2016-05-03T16:52:54.74 0 0
2 0002_895 93.55818 -71.68618 12.18890 0.05510 9579263 - 2016-05-03T16:52:54.74 0 0
2 0002_896 94.99327 -71.59034 8.78480 0.00760 9579420 - 2016-05-03T16:52:54.74 0 0
2 0002_897 92.17808 -71.61486 12.07010 0.03460 9601131 - 2016-05-03T16:52:54.74 0 0
2 0002_898 93.51248 -71.5685 11.35550 0.03470 9601117 - 2016-05-03T16:52:54.74 0 0
2 0002_899 91.74401 -71.56723 11.35660 0.02590 9601175 - 2016-05-03T16:52:54.74 0 0
2 0002_900 93.29498 -71.66265 13.63150 0.06710 9601110 - 2016-05-03T16:52:54.74 0 0
2 0002_901 93.54049 -71.69688 11.86590 0.04550 9579263 - 2016-05-03T16:52:54.74 0 0
2 0002_902 92.5364 -71.57102 10.27060 0.01550 9601133 - 2016-05-03T16:52:54.74 0 0
2 0002_903 93.54378 -71.61372 12.61690 0.04340 9601109 - 2016-05-03T16:52:54.74 0 0
2 0002_904 92.92719 -71.60147 13.40920 0.04970 9601115 9601114 2016-05-03T16:52:54.74 0 0
2 0002_905 90.92991 -71.69419 13.50650 0.06280 9601176 9601165 2016-05-03T16:52:54.74 0 0
2 0002_906 95.21494 -71.64781 7.10460 0.00440 9579413 - 2016-05-03T16:52:54.74 0 0
2 0002_907 93.72805 -71.65598 5.77980 0.00060 9579434 - 2016-05-03T16:52:54.74 0 0
2 0002_908 91.3579 -71.65726 12.97900 0.04880 9601174 9601171 2016-05-03T16:52:54.74 0 0
2 0002_909 91.97577 -71.67536 12.05650 0.04990 9601128 - 2016-05-03T16:52:54.74 0 0
2 0002_910 91.33656 -71.56254 11.44040 0.02580 9601179 - 2016-05-03T16:52:54.74 0 0
2 0002_911 92.31469 -71.57244 8.88530 0.00890 9601134 - 2016-05-03T16:52:54.74 0 0
2 0002_912 94.72388 -71.74434 11.99810 0.04740 9579410 - 2016-05-03T16:52:54.74 0 0
2 0002_913 90.93154 -71.56464 10.30640 0.01580 9601202 - 2016-05-03T16:52:54.74 0 0
2 0002_914 94.71939 -71.70047 12.35940 0.05770 9579410 - 2016-05-03T16:52:54.74 0 0
2 0002_915 92.40918 -71.56887 10.90310 0.02030 9601132 - 2016-05-03T16:52:54.74 0 0
2 0002_916 90.9939 -71.56318 11.09160 0.02220 9601202 - 2016-05-03T16:52:54.74 0 0
2 0002_917 90.90014 -71.56686 11.01180 0.02140 9601202 9601191 2016-05-03T16:52:54.74 0 0
2 0002_918 91.80585 -71.5677 11.00950 0.02120 9601218 9601175 2016-05-03T16:52:54.74 0 0
2 0002_919 93.77829 -71.5722 11.42160 0.02840 9601280 - 2016-05-03T16:52:54.74 0 0
2 0002_920 93.77476 -71.70255 6.31710 0.00070 9579432 - 2016-05-03T16:52:54.74 0 0
2 0002_921 92.93289 -71.61878 13.21540 0.05570 9601115 9601114 2016-05-03T16:52:54.74 0 0
2 0002_922 90.86411 -71.62552 11.28210 0.03540 9601189 - 2016-05-03T16:52:54.74 0 0
2 0002_923 91.12753 -71.56534 10.42430 0.01650 9601201 9601200 2016-05-03T16:52:54.74 0 0
2 0002_924 92.01164 -71.56817 10.62190 0.01800 9601216 - 2016-05-03T16:52:54.74 0 0
2 0002_925 91.86932 -71.76406 11.40500 0.03280 9601122 - 2016-05-03T16:52:54.74 0 0
2 0002_926 91.17519 -71.56768 10.36240 0.01610 9601201 - 2016-05-03T16:52:54.74 0 0
2 0002_927 93.07468 -71.56247 99.00000 99.00000 9601137 - 2016-05-03T16:52:54.74 0 0
2 0002_928 92.57691 -71.5693 11.30710 0.02470 9601133 - 2016-05-03T16:52:54.74 0 0
2 0002_929 93.95327 -71.66084 12.32390 0.05690 9579433 - 2016-05-03T16:52:54.74 0 0
2 0002_930 91.61919 -71.56531 11.28750 0.02460 9601181 - 2016-05-03T16:52:54.74 0 0
